6 34 137
6 34 424
6 78 10725
6 105 2253
9 41 3591
9 78 10317
9 105 3396
17 78 462
17 78 9292
21 92 1523
21 105 671
23 92 1887
23 105 660
24 40 994
24 41 10333
24 78 3373
24 90 3265
28 78 2698
28 86 6
28 100 358
30 41 2713
30 78 2793
30 105 25
30 105 5131
31 50 2725
32 78 3207
33 41 96
34 6 2359
34 9 99
34 41 2837
34 41 8269
34 44 455
34 50 1304
34 55 1929
34 60 374
34 60 2704
34 62 388
34 66 2896
34 78 78
34 78 1329
34 82 4007
34 88 85
34 88 8821
34 105 99
34 105 6563
34 111 3926
34 113 5955
34 117 11
34 120 580
34 148 406
36 41 9229
36 50 2942
36 63 5534
36 78 417
36 78 10989
36 106 14
36 106 175
36 107 110
37 55 2243
37 78 2243
38 50 96
38 62 560
38 107 65
39 48 2965
39 78 2889
39 90 40
40 24 792
40 41 4214
40 41 2187
40 78 892
41 9 3217
41 24 9705
41 30 2720
41 33 57
41 34 3110
41 34 8361
41 36 9628
41 40 3676
41 40 2070
41 42 83
41 44 1690
41 45 747
41 46 32
41 48 84
41 48 2098
41 50 1804
41 50 3766
41 55 13
41 56 194
41 57 22
41 57 987
41 60 338
41 60 5211
41 61 3052
41 62 6070
41 63 18854
41 65 1623
41 66 322
41 68 2641
41 68 2682
41 69 5007
41 72 228
41 72 2181
41 74 3099
41 74 446
41 78 2278
41 78 24704
41 82 841
41 85 4852
41 87 3169
41 87 1807
41 88 617
41 92 2368
41 92 219
41 96 746
41 100 6384
41 100 8388
41 101 404
41 101 3440
41 102 2430
41 105 4871
41 105 10817
41 106 533
41 106 15240
41 107 1507
41 108 3095
41 108 1872
41 111 2598
41 113 1106
41 115 14786
41 117 3960
41 117 10644
41 127 6050
41 128 1839
41 130 40
41 130 426
41 132 13363
41 144 1728
41 146 1795
41 147 745
42 41 111
42 48 172
42 48 1817
42 50 800
42 50 1392
42 57 285
42 78 214
42 78 9508
42 92 46
42 100 340
43 58 1819
43 63 484
43 78 37
43 78 4414
43 92 433
44 34 269
44 41 1503
44 82 9
45 41 772
45 78 857
46 106 345
47 50 411
47 52 3
47 78 49
47 78 668
48 39 2948
48 41 2538
48 42 158
48 42 1856
48 50 277
48 50 2634
48 57 879
48 57 6421
48 62 112
48 63 7770
48 78 653
48 78 19909
48 81 5208
48 84 3498
48 92 2307
48 92 7463
48 99 270
48 100 306
48 105 3274
48 106 5070
48 115 6217
48 117 1889
48 119 255
48 132 185
49 78 2235
50 31 2731
50 34 893
50 36 2622
50 38 118
50 41 1287
50 41 2616
50 42 808
50 42 1575
50 47 473
50 48 198
50 48 2314
50 55 161
50 57 629
50 60 32
50 61 89
50 62 457
50 62 4133
50 63 117
50 63 11938
50 73 64
50 73 2890
50 78 155
50 78 12819
50 81 1328
50 84 154
50 92 2572
50 92 98
50 100 32
50 100 174
50 101 3702
50 104 1516
50 105 2679
50 106 236
50 107 35
50 107 17
50 114 2287
50 116 1516
50 117 639
50 117 52
50 131 1636
50 151 2540
50 158 4232
52 47 6
52 78 681
52 78 793
53 78 3544
53 100 362
54 78 2996
54 81 65
55 34 1996
55 36 77
55 37 1905
55 41 8
55 50 145
55 78 7294
55 101 6433
55 105 4312
55 113 739
55 121 704
55 121 1086
55 123 3405
56 41 36
56 78 226
56 117 164
56 117 36
57 41 945
57 42 323
57 48 1255
57 48 7023
57 50 601
57 58 3120
57 78 2935
57 78 3666
57 90 809
57 92 2863
58 43 1857
58 57 3288
58 61 78
58 63 3910
58 63 5127
58 78 3223
58 78 11726
58 92 807
58 92 11115
58 94 651
58 106 4534
59 105 531
59 105 7818
59 108 456
60 34 394
60 34 2923
60 41 311
60 41 5814
60 50 18
60 63 288
60 78 4621
60 78 6626
60 100 5
60 100 31
60 105 1112
60 105 16434
60 111 2645
60 117 38
60 117 610
60 120 2357
60 148 337
61 41 62
61 41 3110
61 50 113
61 63 195
61 78 201
61 78 11740
61 105 330
61 105 9254
61 132 77
62 34 539
62 38 556
62 41 7420
62 50 608
62 50 4256
62 63 4499
62 78 263
62 78 9317
62 87 309
62 92 106
62 92 196
62 96 3973
62 100 1108
62 100 329
62 105 1937
62 106 2346
62 107 727
62 108 562
62 117 1421
62 117 1667
63 36 1166
63 36 5407
63 41 17629
63 43 503
63 48 7359
63 50 109
63 50 13915
63 58 2919
63 58 4595
63 60 220
63 62 5172
63 68 3196
63 72 201
63 87 579
63 92 165
63 92 10143
63 100 3463
63 100 524
63 105 1092
63 105 17180
63 106 41
63 106 7241
63 108 501
63 132 5489
65 41 1710
66 34 2928
66 41 159
68 41 3650
68 41 2670
68 63 3312
68 78 2979
68 106 2877
68 107 92
68 115 2877
68 117 417
68 117 2535
68 132 394
69 41 5530
70 78 1104
70 105 957
70 111 1053
71 78 2417
72 41 448
72 41 2396
72 63 534
72 78 560
72 105 360
73 42 78
73 50 54
73 50 2684
73 78 87
74 41 3460
74 41 320
74 78 4121
74 105 3990
75 78 2252
75 78 2896
75 105 2021
76 78 3380
77 105 1430
78 6 82
78 6 11028
78 9 11030
78 17 10869
78 24 3183
78 28 2517
78 30 2657
78 32 3288
78 34 40
78 34 497
78 36 663
78 36 10797
78 37 1993
78 39 2786
78 40 738
78 41 25018
78 42 207
78 42 9758
78 43 98
78 43 4333
78 45 817
78 47 880
78 48 19561
78 49 1926
78 50 103
78 50 13804
78 52 379
78 52 1098
78 53 3399
78 54 3044
78 55 7544
78 56 345
78 57 2713
78 57 3502
78 58 3067
78 58 9865
78 60 3740
78 60 6388
78 61 38
78 61 11295
78 62 467
78 62 10105
78 63 196
78 68 2408
78 70 1211
78 71 2333
78 72 647
78 74 3652
78 75 2237
78 75 2860
78 76 3386
78 80 914
78 81 5395
78 84 5503
78 86 2322
78 87 4153
78 87 5410
78 88 98
78 90 10600
78 92 89
78 92 21833
78 93 381
78 94 643
78 94 3903
78 95 667
78 96 1472
78 98 2296
78 100 3046
78 100 1096
78 101 1284
78 105 354
78 105 21639
78 106 95
78 106 20272
78 107 8189
78 108 4650
78 108 1341
78 111 2675
78 116 7562
78 117 1227
78 117 16039
78 120 2415
78 120 4618
78 122 1394
78 127 4892
78 128 65
78 132 269
78 132 7413
78 133 2592
78 152 744
78 156 1287
78 158 667
79 117 510
80 78 907
81 28 44
81 48 4747
81 50 1305
81 54 61
81 78 5195
82 34 3518
82 41 35
82 41 671
82 44 101
84 48 3461
84 50 188
84 78 5427
85 41 5092
85 100 326
85 132 365
86 78 2341
87 41 3007
87 41 1968
87 50 220
87 62 442
87 63 616
87 78 4321
87 78 5628
87 92 430
87 105 67
87 105 5423
87 107 1001
87 127 331
88 34 17
88 34 8184
88 41 601
88 78 107
89 105 1725
90 24 3170
90 57 852
90 78 12194
90 92 1090
90 92 2834
90 106 1713
90 106 2732
91 92 43
91 92 889
92 21 1546
92 23 1782
92 36 13
92 41 2690
92 41 520
92 42 40
92 43 434
92 48 1981
92 48 9717
92 50 2757
92 50 309
92 57 3041
92 58 564
92 58 10893
92 62 98
92 62 255
92 63 143
92 63 12209
92 68 38
92 78 22885
92 87 432
92 90 1183
92 90 3176
92 91 38
92 91 860
92 97 1627
92 105 1800
92 106 95
92 106 5656
92 112 1518
92 115 6517
92 126 753
92 132 75
92 152 568
92 153 216
92 153 3312
93 78 284
93 120 46
94 58 666
94 78 805
94 78 4459
95 78 711
96 62 3831
96 78 1826
97 92 1507
98 78 25
98 78 2561
98 105 2543
99 48 253
100 28 391
100 41 6778
100 41 8736
100 42 449
100 48 381
100 50 68
100 50 289
100 53 395
100 60 84
100 61 99
100 62 303
100 62 365
100 63 3735
100 63 626
100 78 3496
100 78 1304
100 85 358
100 105 239
100 106 2254
100 106 781
100 107 863
100 115 3183
100 116 611
100 117 819
100 117 1793
100 127 986
100 132 565
101 41 3613
101 50 3674
101 55 6030
101 78 1437
102 41 2010
102 117 1963
104 50 1537
105 6 2080
105 9 3009
105 21 636
105 23 623
105 30 35
105 30 5423
105 34 114
105 34 7631
105 41 1554
105 41 13683
105 48 3244
105 50 1316
105 50 1007
105 55 4417
105 59 271
105 59 7074
105 60 1042
105 60 17727
105 61 296
105 61 9208
105 62 81
105 62 2992
105 63 1232
105 63 17258
105 70 726
105 72 341
105 74 3653
105 75 1918
105 77 1348
105 78 148
105 78 22196
105 87 31
105 87 5232
105 89 1601
105 92 1833
105 98 2538
105 100 40
105 100 54
105 106 27
105 107 444
105 108 12
105 108 6884
105 111 5638
105 115 292
105 117 690
105 117 14140
105 120 2041
105 120 5086
105 127 334
106 41 545
106 41 15044
106 46 340
106 48 5199
106 50 218
106 58 4425
106 62 2815
106 63 111
106 63 8915
106 68 2844
106 78 103
106 78 23242
106 90 1635
106 90 2764
106 92 90
106 92 5051
106 100 2116
106 100 734
106 105 24
106 105 90
106 107 1613
106 110 911
106 127 1282
106 132 6779
107 38 82
107 41 1506
107 50 46
107 50 51
107 62 733
107 78 8097
107 87 846
107 100 802
107 105 447
107 106 1591
107 108 417
107 127 113
108 41 3260
108 41 1391
108 59 430
108 62 652
108 63 568
108 78 4844
108 78 1369
108 105 51
108 105 7006
108 107 468
108 127 96
110 106 850
111 34 4150
111 41 3263
111 60 2784
111 70 868
111 78 2626
111 105 4693
111 120 1473
112 92 1639
113 34 6685
113 41 1278
113 55 1013
114 50 2044
115 41 14272
115 48 6662
115 68 2797
115 92 5024
115 100 2778
115 117 396
115 117 2728
116 28 35
116 50 1442
116 78 7693
116 100 534
116 107 59
117 30 21
117 41 3864
117 41 12072
117 48 1927
117 50 65
117 58 89
117 60 276
117 62 390
117 62 1828
117 68 352
117 68 1964
117 78 1620
117 78 17256
117 79 456
117 87 23
117 100 930
117 100 873
117 102 1416
117 105 457
117 105 14338
117 115 427
117 115 2724
117 125 514
117 132 456
117 146 278
119 48 256
120 34 830
120 41 162
120 60 209
120 60 1784
120 78 2487
120 78 4745
120 100 5
120 105 2173
120 105 4843
120 111 1438
120 117 23
120 117 116
121 55 681
121 55 1041
122 78 1457
123 55 3064
125 117 471
126 92 801
127 41 41
127 41 5507
127 78 4960
127 87 436
127 100 24
127 100 1049
127 105 459
127 106 1276
127 108 429
128 41 1819
128 78 47
130 41 434
131 42 47
131 50 1576
132 36 257
132 41 14060
132 48 116
132 63 6369
132 68 362
132 78 124
132 78 8118
132 85 457
132 100 462
132 105 85
132 106 8294
132 117 406
132 146 189
133 78 2598
144 41 1450
146 41 2009
146 117 339
146 132 294
147 41 751
148 34 290
148 60 196
151 42 107
151 50 2543
152 78 974
152 92 840
153 92 507
153 92 3519
156 78 1223
158 50 3951
158 78 326
6 34 2021
6 78 9554
6 105 1239
9 41 1249
9 78 7522
9 105 1274
17 78 7823
21 92 1193
21 105 640
23 63 199
23 92 1612
23 105 650
24 40 754
24 41 8259
24 78 3491
24 90 1602
28 78 3116
28 100 16
30 41 351
30 78 229
30 105 50
30 105 6381
31 50 2272
32 78 33
32 78 3291
33 41 67
34 6 1527
34 41 321
34 41 7353
34 44 366
34 50 1263
34 55 1931
34 60 115
34 60 2775
34 62 402
34 66 67
34 66 2284
34 78 168
34 78 2582
34 82 3551
34 88 8050
34 105 6672
34 111 3627
34 113 6093
34 117 25
34 120 598
34 148 283
36 41 9473
36 50 2499
36 63 7719
36 78 103
36 78 13910
36 85 1
36 92 29
36 106 139
37 42 105
37 55 108
37 55 2478
37 78 1743
38 50 31
38 62 497
38 107 47
39 48 46
39 48 3749
39 76 57
39 78 802
39 78 3034
40 24 901
40 41 318
40 41 1608
40 78 107
41 9 1362
41 24 9389
41 30 287
41 33 103
41 34 229
41 34 7175
41 36 8623
41 40 208
41 40 1479
41 42 2043
41 44 1535
41 45 510
41 48 3109
41 50 364
41 50 3495
41 56 147
41 57 420
41 60 3308
41 61 3006
41 62 6503
41 63 18004
41 65 721
41 65 2412
41 68 234
41 68 2491
41 69 2724
41 72 1021
41 74 310
41 74 381
41 78 370
41 78 26898
41 82 627
41 85 70
41 85 6273
41 87 218
41 87 1431
41 88 659
41 92 182
41 92 5559
41 96 22
41 96 524
41 100 164
41 100 7853
41 101 222
41 101 3843
41 102 2407
41 105 281
41 105 11666
41 106 15544
41 107 2294
41 108 205
41 108 1564
41 111 3669
41 113 61
41 115 14435
41 117 940
41 117 9340
41 127 57
41 127 5992
41 128 2762
41 130 406
41 132 13641
41 144 1596
41 145 41
41 146 1508
41 147 403
41 153 83
42 41 1921
42 48 1
42 48 1070
42 50 78
42 50 943
42 57 14
42 78 9663
42 81 26
42 92 326
42 107 64
43 58 1763
43 63 383
43 78 4678
43 92 460
44 34 308
44 41 1691
44 82 5
45 41 487
45 78 685
46 106 549
47 50 61
47 52 6
47 78 883
48 39 4081
48 41 3244
48 42 10
48 42 1530
48 50 16
48 50 2061
48 53 56
48 57 459
48 57 8452
48 58 91
48 61 87
48 62 192
48 63 72
48 63 11471
48 78 125
48 78 22302
48 81 82
48 81 6125
48 84 5601
48 92 175
48 92 13586
48 99 253
48 100 76
48 105 282
48 106 6998
48 115 8864
48 117 88
48 119 194
48 132 136
49 78 1765
50 31 2190
50 34 1025
50 36 2217
50 38 67
50 41 318
50 41 2567
50 42 30
50 42 1087
50 47 50
50 48 2204
50 62 63
50 62 4282
50 63 15095
50 73 2807
50 78 13670
50 81 1180
50 92 202
50 92 310
50 100 20
50 101 3501
50 104 131
50 105 174
50 105 969
50 106 320
50 107 15
50 114 1794
50 116 60
50 116 1327
50 117 197
50 117 47
50 131 1545
50 151 2372
50 158 4749
52 47 5
52 78 69
52 78 710
53 78 31
53 78 3875
53 100 246
54 28 109
54 78 2758
55 34 1530
55 37 99
55 37 1910
55 78 6913
55 101 116
55 101 5674
55 105 3750
55 113 583
55 121 106
55 121 1073
55 123 3030
56 41 57
56 78 32
56 117 8
56 117 14
57 41 467
57 42 53
57 48 469
57 48 7706
57 50 42
57 58 302
57 78 429
57 78 3426
57 90 57
57 92 2783
58 41 33
58 43 1713
58 48 100
58 57 308
58 63 482
58 63 4297
58 78 375
58 78 10312
58 92 196
58 92 10414
58 94 102
58 106 407
58 107 5
59 105 187
59 105 6744
59 108 369
60 34 98
60 34 2409
60 41 5493
60 50 10
60 78 387
60 78 6038
60 105 178
60 105 16974
60 111 232
60 111 2498
60 117 296
60 120 230
60 120 2085
60 148 242
61 41 2861
61 78 24
61 78 10809
61 105 172
61 105 8082
61 132 410
62 34 420
62 38 473
62 41 8940
62 50 7
62 50 3885
62 63 9759
62 78 2462
62 78 8534
62 87 68
62 92 19
62 96 3768
62 100 30
62 100 323
62 105 2474
62 106 3474
62 107 989
62 108 199
62 117 65
62 117 1438
63 23 195
63 36 698
63 36 6858
63 41 17830
63 43 405
63 48 12709
63 50 14443
63 58 475
63 58 4502
63 62 1136
63 62 8905
63 68 306
63 72 73
63 76 84
63 87 151
63 92 66
63 92 17690
63 100 335
63 100 544
63 105 18528
63 106 8472
63 107 43
63 117 113
63 132 5457
65 41 68
65 41 773
65 41 2505
66 34 88
66 34 2526
68 41 496
68 41 2690
68 63 284
68 78 173
68 78 78
68 106 266
68 115 279
68 117 56
68 117 2633
68 132 34
69 41 49
69 41 2839
70 78 196
70 105 990
70 111 1037
71 78 2286
72 41 1232
72 78 551
72 105 70
73 42 87
73 50 2641
74 41 348
74 41 464
74 78 336
74 105 4921
75 78 106
75 78 3069
75 105 1723
76 48 110
76 78 4525
77 105 67
77 105 1437
78 6 225
78 6 7167
78 9 5720
78 17 486
78 17 8067
78 24 4647
78 28 2723
78 30 118
78 32 3299
78 34 261
78 34 1978
78 36 13529
78 37 1514
78 39 1139
78 39 2931
78 40 87
78 41 229
78 41 27068
78 42 65
78 42 10169
78 43 60
78 43 4913
78 45 681
78 47 1139
78 48 68
78 48 24608
78 49 1858
78 50 349
78 50 13340
78 52 633
78 53 4095
78 54 3160
78 55 6737
78 56 44
78 57 268
78 57 4023
78 58 346
78 58 11291
78 60 280
78 60 6119
78 61 10648
78 62 2286
78 62 8345
78 63 73
78 68 148
78 68 356
78 70 81
78 71 2374
78 72 536
78 74 114
78 75 81
78 75 2415
78 76 5089
78 80 1088
78 81 52
78 81 4998
78 84 122
78 84 5797
78 86 2475
78 87 311
78 87 5286
78 88 83
78 90 8683
78 92 69
78 92 27478
78 93 293
78 94 113
78 94 5586
78 95 688
78 96 363
78 98 2588
78 100 285
78 100 1151
78 101 908
78 104 1933
78 105 230
78 105 20150
78 106 23023
78 107 104
78 107 7197
78 108 333
78 108 965
78 111 113
78 116 7283
78 117 429
78 117 13911
78 120 219
78 120 3897
78 122 1270
78 127 4563
78 128 49
78 132 7284
78 133 2588
78 152 34
78 156 1202
78 158 149
79 117 399
80 78 1106
81 41 311
81 48 5823
81 50 926
81 57 118
81 58 42
81 78 40
81 78 4728
82 34 3756
82 41 660
82 44 10
84 48 5302
84 50 49
84 76 55
84 78 5402
84 81 66
85 41 45
85 41 6329
85 132 57
86 78 2480
87 41 227
87 41 1535
87 62 78
87 63 151
87 78 264
87 78 5702
87 92 409
87 105 42
87 105 6174
87 107 411
87 127 167
88 34 79
88 34 7579
88 41 657
88 78 104
89 105 1399
89 142 19
90 24 1897
90 57 64
90 78 9058
90 92 62
90 92 3536
90 106 57
90 106 2101
90 110 93
91 92 904
92 21 1372
92 23 1805
92 36 69
92 41 196
92 41 6197
92 42 91
92 43 36
92 43 486
92 48 177
92 48 13794
92 50 101
92 50 626
92 57 2968
92 58 182
92 58 10386
92 61 107
92 62 445
92 63 17092
92 68 10
92 78 1615
92 78 23561
92 81 119
92 87 408
92 90 68
92 90 3895
92 91 898
92 97 1513
92 105 906
92 106 6625
92 112 1445
92 115 7297
92 126 881
92 132 138
92 152 415
92 153 3050
93 78 271
93 120 32
94 58 119
94 78 127
94 78 5053
95 78 691
96 62 4159
96 78 1182
96 106 245
97 92 1361
98 61 48
98 78 3538
98 105 2175
99 48 256
100 28 91
100 41 333
100 41 7819
100 48 93
100 50 56
100 53 360
100 60 38
100 62 368
100 63 365
100 63 686
100 78 339
100 78 1371
100 105 211
100 106 190
100 106 798
100 107 483
100 115 315
100 116 430
100 117 60
100 117 2138
100 127 999
100 132 55
101 37 99
101 41 4169
101 50 2359
101 55 4556
101 78 1365
102 41 2410
102 117 1866
104 50 136
104 78 1928
105 6 1002
105 9 1259
105 21 680
105 23 674
105 30 6038
105 34 6641
105 37 152
105 41 12096
105 48 280
105 50 775
105 50 534
105 55 3553
105 59 284
105 59 6589
105 60 92
105 60 16437
105 61 8465
105 62 2839
105 63 18742
105 70 604
105 72 45
105 74 4245
105 75 1597
105 77 56
105 77 1313
105 78 524
105 78 21146
105 87 28
105 87 5656
105 89 1296
105 92 2021
105 98 2306
105 100 6
105 106 96
105 107 537
105 108 6696
105 111 69
105 111 4518
105 115 6
105 117 187
105 117 15691
105 120 951
105 120 4201
105 127 278
105 132 112
105 132 2691
105 142 58
106 41 14842
106 46 602
106 48 7155
106 50 236
106 58 273
106 62 3475
106 63 7878
106 68 240
106 76 101
106 78 22850
106 90 47
106 90 2619
106 92 6584
106 96 247
106 100 52
106 100 718
106 105 69
106 107 1893
106 110 1722
106 116 58
106 127 56
106 132 7572
107 38 39
107 41 2358
107 50 28
107 62 6
107 62 651
107 63 42
107 78 7481
107 87 471
107 100 394
107 105 423
107 106 48
107 106 2208
107 108 53
108 41 317
108 41 1677
108 59 408
108 62 205
108 78 312
108 78 1030
108 105 7373
108 107 114
108 127 94
110 61 45
110 106 1571
111 34 3755
111 41 4267
111 60 2452
111 70 1266
111 78 210
111 105 4983
111 120 1461
112 92 1339
113 34 5810
113 41 196
113 55 595
114 50 2040
115 41 14046
115 48 9667
115 61 78
115 68 304
115 76 110
115 92 7926
115 100 264
115 117 98
115 117 201
116 50 1333
116 78 39
116 78 7564
116 100 384
116 107 58
117 41 981
117 41 10798
117 48 147
117 50 38
117 60 204
117 62 1582
117 68 58
117 68 2153
117 70 52
117 78 479
117 78 14615
117 79 380
117 100 51
117 100 1635
117 102 1715
117 105 228
117 105 13925
117 111 190
117 115 102
117 115 218
117 125 397
117 132 37
117 146 41
119 48 192
120 34 749
120 60 74
120 60 2025
120 78 209
120 78 4593
120 105 1033
120 105 4307
120 111 1556
120 117 7
121 55 73
121 55 880
122 78 1294
123 55 2577
125 117 499
126 92 840
127 41 6046
127 78 108
127 78 4610
127 87 85
127 100 739
127 105 380
127 106 48
127 108 83
128 41 2711
128 78 44
130 41 41
130 41 350
131 50 108
131 50 1521
132 36 287
132 41 63
132 41 13656
132 48 95
132 63 5996
132 68 22
132 78 7542
132 85 65
132 92 526
132 100 10
132 105 2292
132 106 8173
132 107 182
132 117 25
132 146 16
133 78 2516
142 105 35
142 105 29
144 41 1683
146 41 1596
146 117 48
146 132 36
147 41 432
148 34 362
148 60 286
151 50 2288
152 78 82
152 92 450
153 92 2971
156 78 1337
158 50 4536
158 78 41
6 34 2451
6 78 234
6 78 8612
6 105 1363
9 41 2404
9 78 7289
9 105 2790
17 78 8283
21 92 84
21 92 404
21 105 772
23 92 444
23 105 763
24 40 581
24 41 209
24 41 5295
24 78 4396
24 90 1117
28 78 339
28 78 2860
28 100 92
30 105 6443
31 50 2432
32 78 3636
33 41 40
34 6 2082
34 41 7360
34 44 474
34 50 1203
34 55 1899
34 60 3049
34 62 343
34 66 2638
34 78 5037
34 82 3743
34 88 8435
34 105 5564
34 111 3687
34 113 5658
34 117 11
34 120 403
34 148 470
36 41 9623
36 50 2394
36 62 208
36 63 7399
36 78 92
36 78 13453
36 92 42
36 105 175
36 106 59
36 117 195
37 42 105
37 55 2843
37 78 1923
38 50 23
38 62 496
38 107 63
39 48 347
39 48 4050
39 78 57
39 78 2980
40 24 654
40 41 272
40 41 1692
41 9 2483
41 24 361
41 24 6199
41 33 58
41 34 7212
41 36 9446
41 40 249
41 40 1681
41 42 2204
41 44 54
41 44 1672
41 45 522
41 48 3452
41 50 53
41 50 3628
41 56 150
41 57 549
41 60 3411
41 61 272
41 61 3248
41 62 7500
41 63 19197
41 65 2235
41 65 1597
41 68 215
41 68 2924
41 72 1091
41 74 549
41 78 213
41 78 28778
41 82 742
41 85 6481
41 87 1721
41 88 589
41 92 333
41 92 6044
41 96 564
41 100 358
41 100 9270
41 101 3478
41 102 2327
41 105 12826
41 106 70
41 106 15714
41 107 2630
41 108 1866
41 111 3825
41 115 15385
41 117 1088
41 117 10668
41 127 6642
41 128 22
41 128 3256
41 130 41
41 130 328
41 132 212
41 132 14066
41 144 1668
41 146 69
41 146 1306
41 147 563
42 41 2189
42 48 1222
42 50 225
42 50 1175
42 78 60
42 78 10499
42 92 254
43 58 1771
43 63 253
43 78 311
43 78 4600
43 92 388
44 34 344
44 41 111
44 41 1723
44 82 5
45 41 500
45 78 927
46 106 584
47 42 1
47 52 1
47 78 1178
48 39 343
48 39 4005
48 41 3274
48 42 1544
48 43 123
48 50 2117
48 57 599
48 57 8289
48 58 93
48 61 189
48 62 244
48 63 500
48 63 12360
48 78 286
48 78 24871
48 81 6291
48 84 5783
48 92 14829
48 99 51
48 106 7548
48 115 9449
48 119 214
48 132 148
49 78 1686
50 31 2430
50 34 1052
50 36 2573
50 38 51
50 41 86
50 41 2846
50 42 432
50 42 1245
50 48 2211
50 62 4434
50 63 16442
50 73 2821
50 78 309
50 78 15094
50 81 1298
50 84 75
50 92 304
50 92 236
50 101 115
50 101 3465
50 105 1035
50 106 177
50 107 30
50 114 98
50 114 1844
50 116 83
50 116 1362
50 117 54
50 117 46
50 131 1492
50 151 2319
50 158 4630
52 78 736
53 78 4050
53 100 446
54 78 2949
55 34 1583
55 37 2278
55 78 109
55 78 6708
55 101 5153
55 105 3602
55 107 79
55 113 575
55 121 1238
55 123 2616
56 41 55
56 117 9
57 41 516
57 48 756
57 48 8442
57 58 135
57 78 239
57 78 3889
57 92 51
57 92 2641
58 43 1891
58 48 113
58 57 132
58 63 660
58 63 5440
58 78 161
58 78 11678
58 92 9753
58 94 81
58 106 193
59 105 218
59 105 7413
59 108 374
60 34 2519
60 41 5241
60 78 575
60 78 6191
60 105 16640
60 111 2123
60 117 360
60 120 210
60 120 2418
60 148 425
61 41 123
61 41 3442
61 48 186
61 63 84
61 63 84
61 78 472
61 78 11266
61 100 94
61 105 653
61 105 8650
61 107 43
61 132 298
62 34 517
62 38 402
62 41 24
62 41 9221
62 50 4257
62 63 9515
62 78 11664
62 96 4011
62 100 171
62 100 452
62 105 150
62 105 2706
62 106 4263
62 107 1109
62 108 330
62 117 174
62 117 1679
63 36 290
63 36 7183
63 41 18116
63 43 324
63 48 470
63 48 11803
63 50 15722
63 58 755
63 58 4949
63 61 192
63 62 9473
63 92 95
63 92 17131
63 100 589
63 100 494
63 105 113
63 105 18889
63 106 8938
63 108 152
63 116 159
63 117 416
63 117 159
63 132 6054
65 41 2358
65 41 1628
66 34 2466
68 41 236
68 41 2881
68 117 2624
70 78 209
70 105 885
70 111 1281
71 78 96
71 78 2130
72 41 1087
72 78 548
73 50 2947
74 41 566
74 105 4455
75 78 2780
75 105 1666
76 78 234
76 78 4108
77 105 139
77 105 1477
78 6 208
78 6 8057
78 9 6365
78 17 9592
78 24 5059
78 28 350
78 28 2710
78 32 3603
78 34 466
78 34 4640
78 36 358
78 36 13214
78 37 1435
78 39 65
78 39 2904
78 41 537
78 41 27170
78 42 232
78 42 10137
78 43 297
78 43 4664
78 45 885
78 47 1339
78 48 264
78 48 25132
78 49 1619
78 50 208
78 50 14370
78 52 768
78 53 3866
78 54 2963
78 55 6598
78 57 318
78 57 4216
78 58 145
78 58 11762
78 60 450
78 60 6587
78 61 419
78 61 11200
78 62 73
78 62 11923
78 68 329
78 70 151
78 71 103
78 71 2056
78 72 771
78 75 2494
78 76 4550
78 80 55
78 80 1010
78 81 5224
78 84 5746
78 86 2604
78 87 328
78 87 6001
78 88 63
78 90 9551
78 92 26148
78 93 398
78 94 6131
78 95 62
78 95 719
78 96 290
78 98 2275
78 100 357
78 100 1436
78 101 744
78 104 2095
78 105 935
78 105 22126
78 106 24669
78 107 7551
78 108 624
78 108 1166
78 111 250
78 116 7515
78 117 737
78 117 15822
78 120 144
78 120 4037
78 122 48
78 122 1262
78 127 4652
78 132 7886
78 133 163
78 133 2523
78 152 151
78 156 61
78 156 1168
78 158 123
79 117 350
80 78 37
80 78 1081
81 41 384
81 48 6475
81 50 1144
81 78 80
81 78 4695
82 34 3515
82 41 658
82 44 7
84 28 60
84 48 5738
84 50 148
84 78 5786
85 41 105
85 41 6601
85 100 169
86 78 2635
87 41 1851
87 78 291
87 78 5987
87 92 398
87 105 5798
87 107 548
87 127 261
88 34 87
88 34 7960
88 41 627
88 78 78
89 105 1185
89 142 11
90 24 1281
90 61 94
90 78 10272
90 92 37
90 92 3163
90 106 163
90 106 2393
91 92 960
92 21 83
92 21 428
92 23 550
92 36 51
92 41 306
92 41 6752
92 42 113
92 43 472
92 48 15544
92 50 221
92 50 589
92 57 2711
92 58 9389
92 62 439
92 63 193
92 63 17029
92 78 1262
92 78 22434
92 87 293
92 90 95
92 90 3442
92 91 39
92 91 960
92 97 1305
92 105 710
92 106 6785
92 112 1433
92 115 230
92 115 7804
92 126 913
92 132 242
92 152 345
92 153 193
92 153 2792
93 78 264
93 120 23
94 58 92
94 78 6125
95 78 51
95 78 795
96 62 4178
96 78 1065
96 106 371
97 92 1189
98 78 3039
98 105 2099
99 48 53
100 28 72
100 41 503
100 41 8692
100 53 408
100 60 42
100 62 134
100 62 462
100 63 625
100 63 804
100 78 362
100 78 1643
100 85 158
100 105 263
100 106 125
100 106 857
100 107 509
100 116 436
100 117 349
100 117 2178
100 127 916
101 41 4264
101 50 57
101 50 2259
101 55 4655
101 78 1144
102 41 2224
102 117 1727
104 50 94
104 78 64
104 78 1900
105 6 1205
105 9 2420
105 21 779
105 23 817
105 30 62
105 30 6240
105 34 6699
105 36 169
105 41 12522
105 50 890
105 55 3533
105 59 277
105 59 7257
105 60 142
105 60 18266
105 61 894
105 61 8807
105 62 159
105 62 3001
105 63 19079
105 70 542
105 74 4005
105 75 1729
105 77 134
105 77 1469
105 78 770
105 78 22746
105 85 118
105 87 5790
105 89 1202
105 92 912
105 98 2430
105 106 156
105 107 118
105 107 445
105 108 7205
105 111 205
105 111 4977
105 117 293
105 117 13606
105 120 268
105 120 4505
105 127 367
105 132 2836
105 142 151
106 36 98
106 41 14819
106 46 508
106 48 7526
106 50 198
106 58 188
106 61 202
106 62 4149
106 63 9242
106 78 24218
106 90 143
106 90 2660
106 92 6754
106 96 394
106 100 99
106 100 871
106 105 143
106 107 2173
106 110 36
106 110 1742
106 127 107
106 132 8132
107 38 63
107 41 2423
107 50 18
107 62 893
107 63 140
107 78 7456
107 87 698
107 100 457
107 105 579
107 106 2335
107 117 112
108 41 1767
108 59 440
108 62 238
108 78 543
108 78 1133
108 87 167
108 105 6998
110 78 21
110 106 1659
111 34 3997
111 41 3132
111 60 2651
111 70 125
111 70 1307
111 78 244
111 105 5057
111 120 1471
112 92 1343
112 97 64
113 34 5914
113 55 635
114 50 2086
115 41 14321
115 48 9884
115 92 307
115 92 8248
116 50 102
116 50 1424
116 63 173
116 78 7841
116 100 471
117 36 157
117 41 1330
117 41 11709
117 50 141
117 50 43
117 60 174
117 62 152
117 62 1722
117 63 687
117 68 2122
117 70 43
117 78 642
117 78 16572
117 79 380
117 100 564
117 100 2147
117 102 1646
117 105 256
117 105 14558
117 107 110
117 111 265
117 125 368
117 132 203
119 48 256
120 34 661
120 60 139
120 60 1798
120 78 4882
120 105 205
120 105 4264
120 111 1729
121 55 1171
122 78 48
122 78 1206
123 55 2314
125 117 384
126 92 861
127 41 34
127 41 6548
127 78 4722
127 87 191
127 100 1014
127 105 532
127 106 106
128 41 3040
130 41 44
130 41 292
131 50 1543
132 36 249
132 41 234
132 41 13664
132 48 88
132 61 81
132 63 6269
132 78 8477
132 92 403
132 100 274
132 105 2752
132 106 8955
132 117 199
133 78 233
133 78 2403
142 105 201
144 41 1663
146 41 48
146 41 1486
147 41 515
148 34 377
148 60 323
151 50 2488
152 78 149
152 92 372
153 92 151
153 92 2904
156 78 54
156 78 1252
158 50 4949
6 34 1725
6 78 206
6 78 6739
6 105 1110
9 41 2821
9 78 6767
9 105 3038
17 41 91
17 78 6525
17 105 225
21 92 47
21 105 627
23 105 612
24 40 239
24 41 6150
24 78 4259
24 90 582
28 78 74
28 78 2546
28 86 27
30 105 67
30 105 7076
31 50 24
31 50 2309
32 78 52
32 78 4165
33 41 63
33 128 1
34 6 2101
34 41 8093
34 44 26
34 44 487
34 50 1233
34 55 1838
34 60 3328
34 62 308
34 66 2520
34 78 4743
34 82 4324
34 88 121
34 88 8861
34 105 6431
34 111 3807
34 113 5530
34 117 5
34 120 476
34 148 336
36 41 10103
36 50 84
36 50 2666
36 62 68
36 63 7999
36 78 125
36 78 15360
36 92 56
36 106 200
37 55 376
37 55 2510
37 78 1664
38 50 19
38 62 467
38 107 72
39 48 37
39 48 4168
39 76 34
39 78 141
39 78 3156
39 81 55
40 24 309
40 41 227
40 41 810
40 153 174
41 9 3330
41 24 327
41 24 6955
41 33 88
41 34 7360
41 36 9759
41 40 184
41 40 743
41 42 2333
41 44 1795
41 45 512
41 48 3513
41 50 3702
41 56 172
41 57 451
41 60 3913
41 61 87
41 61 3284
41 62 8627
41 63 20021
41 65 3287
41 65 1591
41 68 346
41 68 2786
41 72 1108
41 74 453
41 78 228
41 78 31140
41 82 682
41 85 116
41 85 6721
41 87 1572
41 88 710
41 92 6252
41 96 580
41 100 191
41 100 8412
41 101 3471
41 102 2632
41 105 12912
41 106 15705
41 107 2416
41 108 1336
41 110 68
41 111 3981
41 115 16795
41 117 118
41 117 9857
41 127 50
41 127 7411
41 128 66
41 128 3132
41 130 405
41 132 254
41 132 13361
41 144 58
41 144 1273
41 146 1205
41 147 412
42 41 2701
42 48 1305
42 50 277
42 50 2070
42 76 42
42 78 156
42 78 11132
42 92 349
42 116 41
43 58 49
43 58 1871
43 63 51
43 63 457
43 78 158
43 78 5185
43 92 64
43 92 285
44 34 451
44 41 104
44 41 1740
44 82 9
45 41 481
45 78 850
46 106 695
47 52 7
47 78 945
48 39 38
48 39 4367
48 41 3407
48 42 1619
48 43 44
48 50 201
48 50 1936
48 57 56
48 57 7998
48 61 176
48 62 288
48 63 14446
48 78 26334
48 81 47
48 81 6791
48 84 5691
48 92 112
48 92 15586
48 99 232
48 106 7573
48 107 98
48 115 9321
48 119 1193
48 132 160
49 78 1726
50 31 56
50 31 2398
50 34 1039
50 36 2779
50 38 63
50 41 2952
50 42 217
50 42 2074
50 48 219
50 48 2116
50 62 5513
50 63 19965
50 73 2701
50 78 535
50 78 14551
50 81 163
50 81 1241
50 92 90
50 92 192
50 101 3579
50 105 632
50 106 291
50 107 36
50 114 89
50 114 2100
50 116 113
50 116 1156
50 117 58
50 131 1293
50 151 2455
50 158 4917
52 78 762
53 41 84
53 78 57
53 78 3588
53 100 324
54 78 3244
55 34 62
55 34 1571
55 37 149
55 37 2184
55 78 110
55 78 7013
55 101 115
55 101 6454
55 105 3873
55 113 729
55 121 1094
55 123 9
55 123 2498
56 41 41
56 117 4
57 41 455
57 48 88
57 48 8047
57 78 237
57 78 4047
57 92 61
57 92 2836
58 43 1981
58 63 202
58 63 9610
58 78 176
58 78 11954
58 92 8287
58 153 104
59 105 379
59 105 6759
59 108 458
60 34 2573
60 41 5332
60 63 279
60 78 6436
60 105 16426
60 111 2738
60 117 301
60 120 2728
60 148 272
61 41 408
61 41 3109
61 48 235
61 50 42
61 63 54
61 78 591
61 78 11171
61 105 291
61 105 8818
61 107 50
61 110 37
61 132 287
61 153 174
62 34 463
62 38 481
62 41 9725
62 50 4698
62 61 90
62 63 13177
62 78 346
62 78 13186
62 96 4274
62 100 99
62 100 393
62 105 2946
62 106 4379
62 107 996
62 108 28
62 117 1726
63 36 7899
63 41 19181
63 43 49
63 43 461
63 48 13192
63 50 25
63 50 19648
63 58 131
63 58 9008
63 60 337
63 61 303
63 62 467
63 62 12737
63 78 7
63 92 19231
63 100 203
63 100 605
63 105 773
63 105 20477
63 106 70
63 106 9212
63 132 8389
65 41 3327
65 41 1492
66 34 2542
68 41 454
68 41 2902
68 117 2883
70 105 27
70 105 975
70 111 1349
71 78 2390
72 41 1153
72 78 79
72 78 444
73 50 2695
74 41 454
74 105 3929
75 78 2972
75 105 1737
76 48 34
76 78 5591
76 92 20
77 105 13
77 105 1532
78 6 684
78 6 7091
78 9 7643
78 17 7632
78 24 4672
78 28 64
78 28 2357
78 32 18
78 32 4107
78 34 418
78 34 4761
78 36 14818
78 37 1258
78 39 131
78 39 3001
78 41 132
78 41 29211
78 42 11248
78 43 293
78 43 5234
78 45 767
78 47 1186
78 48 25830
78 49 1821
78 50 147
78 50 15213
78 52 621
78 53 3509
78 54 3250
78 55 6986
78 57 118
78 57 4190
78 58 195
78 58 12294
78 60 6813
78 61 376
78 61 11287
78 62 54
78 62 13892
78 63 349
78 68 324
78 71 189
78 71 2309
78 72 739
78 75 3056
78 76 5532
78 80 806
78 81 4985
78 84 6186
78 86 24
78 86 2363
78 87 5501
78 88 79
78 90 377
78 90 9380
78 92 369
78 92 27585
78 93 187
78 94 6020
78 95 635
78 96 215
78 98 3343
78 100 1347
78 101 667
78 104 2014
78 105 118
78 105 22587
78 106 25424
78 107 177
78 107 7825
78 108 983
78 116 8067
78 117 14760
78 120 4308
78 122 1293
78 127 4734
78 132 92
78 132 7617
78 133 37
78 133 2791
78 156 34
78 156 1317
78 158 96
79 117 372
80 78 873
81 41 383
81 48 58
81 48 6624
81 50 172
81 50 1193
81 78 4683
81 92 119
82 34 4356
82 41 629
82 44 8
84 48 5463
84 78 5854
84 107 61
85 41 62
85 41 6838
86 78 51
86 78 2368
87 41 1585
87 78 5606
87 105 59
87 105 6477
87 107 395
87 127 151
88 34 55
88 34 8680
88 41 876
88 78 103
89 105 61
89 105 1323
90 24 636
90 61 90
90 78 292
90 78 9755
90 92 168
90 92 3188
90 106 1938
90 132 60
91 92 90
91 92 995
92 21 52
92 36 140
92 41 6846
92 42 110
92 43 70
92 43 312
92 48 57
92 48 15887
92 50 116
92 50 69
92 57 47
92 57 2788
92 58 104
92 58 8208
92 61 362
92 62 524
92 63 18576
92 78 381
92 78 27069
92 90 117
92 90 3260
92 91 71
92 91 937
92 97 1257
92 105 612
92 106 6676
92 107 108
92 110 17
92 112 1395
92 115 6756
92 126 773
92 132 14
92 153 2971
93 78 221
93 120 23
94 78 6309
95 78 9
95 78 641
96 36 74
96 62 4333
96 78 963
96 106 295
97 92 1262
98 78 3555
98 105 245
98 105 2949
99 48 235
100 41 212
100 41 7744
100 53 449
100 60 57
100 62 62
100 62 401
100 63 226
100 63 664
100 78 1315
100 105 234
100 106 788
100 107 465
100 116 414
100 117 63
100 117 1875
100 127 851
100 153 174
101 41 4305
101 50 3119
101 55 58
101 55 6033
101 78 885
102 41 37
102 41 2544
102 117 1098
104 78 1970
105 6 1195
105 9 2870
105 21 637
105 23 650
105 30 66
105 30 7000
105 34 6628
105 41 12557
105 50 677
105 55 3497
105 59 489
105 59 6713
105 60 18101
105 61 331
105 61 8652
105 62 3066
105 63 21313
105 70 621
105 74 3804
105 75 1879
105 77 20
105 77 1512
105 78 138
105 78 22716
105 87 6341
105 89 63
105 89 1303
105 92 504
105 98 393
105 98 2772
105 100 171
105 106 253
105 107 461
105 108 6977
105 111 5080
105 117 63
105 117 15684
105 120 4366
105 127 305
105 132 151
105 132 2586
105 142 103
105 153 158
106 41 6
106 41 14769
106 46 648
106 48 7279
106 50 231
106 62 4546
106 63 68
106 63 9419
106 78 24809
106 90 2622
106 92 6451
106 96 252
106 100 767
106 105 231
106 107 2106
106 110 56
106 110 1889
106 132 99
106 132 8346
107 38 69
107 41 18
107 41 2303
107 50 25
107 62 840
107 78 179
107 78 7785
107 87 403
107 100 454
107 105 431
107 106 2247
107 110 67
108 41 1310
108 59 484
108 78 942
108 105 7053
110 41 59
110 61 133
110 106 40
110 106 2053
111 34 4249
111 41 3540
111 60 3341
111 70 1357
111 105 4974
111 120 1473
112 92 1418
113 34 84
113 34 5677
113 55 812
114 50 101
114 50 2167
114 61 44
115 41 15708
115 48 9759
115 81 5
115 92 7203
116 50 81
116 50 1143
116 78 8122
116 100 393
116 104 65
117 41 132
117 41 11035
117 50 46
117 60 138
117 62 1659
117 68 43
117 68 2339
117 70 35
117 78 14996
117 79 396
117 85 39
117 100 104
117 100 1766
117 102 1081
117 105 60
117 105 14874
117 111 186
117 125 528
119 48 1353
120 34 795
120 60 1925
120 78 4653
120 105 4291
120 111 1840
121 55 58
121 55 1116
122 78 1246
123 55 115
123 55 2219
125 117 532
126 92 859
127 41 69
127 41 7259
127 78 17
127 78 4943
127 100 851
127 105 433
128 41 57
128 41 3017
130 41 336
131 50 1300
132 36 214
132 41 304
132 41 13248
132 48 95
132 61 72
132 61 107
132 63 9165
132 78 8000
132 105 129
132 105 2610
132 106 9447
133 78 60
133 78 2727
142 105 146
144 41 51
144 41 1205
146 41 1333
147 41 406
148 34 327
148 60 362
151 50 2551
153 40 174
153 58 106
153 61 174
153 78 158
153 92 2983
153 100 174
156 78 57
156 78 1397
158 50 4980
6 34 1753
6 63 239
6 78 246
6 78 10523
9 41 1370
9 78 269
9 78 8463
9 105 1056
17 63 193
17 78 340
17 78 10826
21 105 577
23 105 140
23 105 464
24 41 107
24 41 4038
24 58 158
24 78 199
24 78 4574
24 92 81
28 78 17
28 78 2739
30 105 39
30 105 7241
31 50 2614
32 78 4090
33 41 59
34 6 1715
34 41 7947
34 44 659
34 50 128
34 55 41
34 55 5078
34 60 3431
34 62 52
34 66 2906
34 78 858
34 78 4238
34 82 4013
34 88 271
34 88 9386
34 101 209
34 105 444
34 105 5685
34 107 111
34 111 3988
34 113 68
34 113 6039
34 120 444
34 148 387
36 41 10408
36 50 2850
36 63 8683
36 74 23
36 78 737
36 78 15229
36 92 30
36 106 28
36 106 31
36 116 99
37 55 2916
37 78 2087
38 50 256
38 62 232
39 48 3249
39 78 2004
40 41 482
41 9 1282
41 24 113
41 24 4048
41 33 31
41 34 7850
41 36 10712
41 40 435
41 42 2169
41 44 1923
41 45 560
41 48 59
41 48 3529
41 50 4299
41 55 2
41 56 163
41 57 449
41 58 87
41 60 4074
41 61 3645
41 62 9078
41 63 20781
41 65 625
41 65 1470
41 68 2943
41 69 52
41 69 3976
41 72 1166
41 74 462
41 78 1020
41 78 32563
41 82 688
41 85 6972
41 87 1558
41 88 694
41 92 6463
41 96 612
41 100 337
41 100 7411
41 101 4189
41 102 3004
41 105 13967
41 106 15924
41 107 2808
41 108 1065
41 111 3850
41 115 17261
41 117 828
41 117 10206
41 127 96
41 127 7419
41 128 104
41 128 3158
41 130 336
41 132 14975
41 144 36
41 144 1723
41 146 913
41 147 388
42 41 2621
42 48 1212
42 50 986
42 50 2733
42 58 31
42 61 55
42 76 47
42 78 1191
42 78 10577
42 92 316
42 106 369
43 48 38
43 58 2073
43 63 5
43 63 424
43 78 5185
43 92 343
43 106 40
44 34 525
44 41 2019
44 82 12
45 41 548
45 78 961
46 106 774
47 78 1249
48 39 3167
48 41 3897
48 42 1681
48 43 39
48 50 2381
48 57 183
48 57 6795
48 61 76
48 62 222
48 63 408
48 63 14240
48 78 128
48 78 25084
48 80 898
48 81 5439
48 84 4794
48 92 534
48 92 14005
48 99 286
48 105 375
48 106 139
48 106 7358
48 115 10012
48 119 1243
48 132 138
49 78 1828
50 31 2607
50 34 240
50 36 2853
50 38 291
50 41 3429
50 42 963
50 42 2625
50 48 2548
50 58 3
50 61 15
50 62 190
50 62 4926
50 63 236
50 63 20280
50 73 2702
50 76 54
50 78 271
50 78 16659
50 81 1448
50 92 280
50 101 3506
50 105 1229
50 106 361
50 114 1658
50 116 1294
50 117 15
50 131 1538
50 151 2530
50 158 63
50 158 5859
53 78 55
53 78 4262
53 100 440
54 78 3288
55 34 53
55 34 4810
55 37 2610
55 78 7142
55 101 79
55 101 6448
55 105 4300
55 107 161
55 113 830
55 121 1280
55 123 2497
56 41 80
56 117 2
57 41 462
57 48 267
57 48 6599
57 58 49
57 78 4188
57 92 52
57 92 2824
58 41 60
58 43 1977
58 63 1526
58 63 9467
58 78 66
58 78 11878
58 92 30
58 92 8703
58 94 86
59 105 102
59 105 6385
59 108 479
60 34 2652
60 41 6478
60 78 735
60 78 7217
60 105 16393
60 111 2824
60 117 733
60 120 2732
60 148 337
61 41 332
61 41 3142
61 48 149
61 62 68
61 63 246
61 78 753
61 78 10901
61 87 169
61 92 106
61 105 9457
61 107 9
61 132 78
62 28 74
62 34 83
62 38 150
62 41 11143
62 48 273
62 50 375
62 50 4406
62 61 91
62 63 13776
62 78 494
62 78 13571
62 96 28
62 96 4057
62 100 393
62 105 2326
62 106 4222
62 108 121
62 117 918
63 36 8565
63 41 108
63 41 20873
63 43 504
63 48 410
63 48 14020
63 50 237
63 50 20209
63 58 1620
63 58 8504
63 61 49
63 61 58
63 62 131
63 62 13498
63 78 31
63 90 65
63 90 76
63 92 220
63 92 20161
63 100 636
63 105 165
63 105 22032
63 106 9387
63 117 165
63 132 484
63 132 8342
63 153 65
65 41 644
65 41 1494
66 34 2938
68 41 2981
68 117 3027
69 41 63
69 41 4001
70 105 909
70 111 1579
71 78 67
71 78 2573
72 41 1256
72 78 563
73 50 2625
74 41 461
74 105 134
74 105 5201
75 41 163
75 78 114
75 78 3860
75 105 600
75 105 1988
76 78 393
76 78 5206
76 92 47
77 105 353
77 105 1682
78 6 912
78 6 9055
78 9 239
78 9 8367
78 17 236
78 17 13039
78 24 133
78 24 4498
78 28 2764
78 30 161
78 32 4236
78 34 252
78 34 5001
78 36 469
78 36 15777
78 37 1263
78 39 1882
78 41 676
78 41 30970
78 42 941
78 42 10974
78 43 5814
78 45 928
78 47 1183
78 48 239
78 48 24132
78 49 1804
78 50 336
78 50 17215
78 53 65
78 53 4280
78 54 3358
78 55 6989
78 57 4184
78 58 61
78 58 12032
78 60 902
78 60 7281
78 61 294
78 61 10996
78 62 172
78 62 15077
78 68 361
78 71 34
78 71 2382
78 72 747
78 75 116
78 75 4043
78 76 5781
78 80 52
78 81 56
78 81 5249
78 84 4676
78 86 2682
78 87 5617
78 88 55
78 90 10775
78 92 192
78 92 28799
78 93 320
78 94 4676
78 95 788
78 96 14
78 96 202
78 98 254
78 98 3174
78 100 1257
78 101 677
78 104 2260
78 105 1680
78 105 23401
78 106 31
78 106 24430
78 107 31
78 107 7864
78 108 923
78 111 100
78 116 8507
78 117 118
78 117 16565
78 120 4075
78 122 1454
78 127 4973
78 132 7784
78 133 2735
78 156 1039
78 158 190
79 117 321
80 48 1019
80 78 56
81 48 126
81 48 5368
81 50 1402
81 78 5358
82 34 4048
82 41 563
82 44 10
82 88 59
84 48 4682
84 78 4822
85 41 7015
86 78 2853
87 41 1602
87 78 5530
87 105 6963
87 107 221
87 127 133
88 34 9088
88 41 992
88 78 62
88 105 165
89 74 66
89 105 1430
90 41 42
90 43 24
90 78 612
90 78 10480
90 92 77
90 92 3024
90 106 2593
91 92 1011
92 23 148
92 24 81
92 36 112
92 41 7736
92 42 117
92 43 373
92 48 445
92 48 14098
92 50 265
92 57 65
92 57 2963
92 58 9080
92 61 72
92 62 467
92 63 185
92 63 19578
92 78 301
92 78 28081
92 90 3131
92 91 996
92 97 1409
92 105 981
92 106 6862
92 112 1313
92 115 7622
92 116 54
92 126 852
92 153 2504
93 78 263
93 120 24
94 78 4748
95 78 888
96 28 36
96 62 33
96 62 4043
96 78 16
96 78 1178
96 106 404
97 92 1472
98 41 20
98 78 219
98 78 3071
98 105 2999
98 105 2887
99 48 311
100 30 74
100 41 485
100 41 7123
100 53 449
100 60 35
100 62 416
100 63 645
100 78 1298
100 105 223
100 106 686
100 107 459
100 116 412
100 117 2079
100 127 849
101 41 4616
101 50 2882
101 55 43
101 55 5809
101 78 75
101 78 1140
102 41 126
102 41 2886
102 117 1185
104 78 2192
105 6 887
105 9 1304
105 17 252
105 21 586
105 23 437
105 30 7500
105 34 543
105 34 6319
105 41 33
105 41 13403
105 50 1301
105 55 3275
105 59 113
105 59 6304
105 60 17852
105 61 9672
105 62 2454
105 63 116
105 63 22432
105 70 11
105 70 664
105 74 69
105 74 5022
105 75 567
105 75 2038
105 77 481
105 77 1628
105 78 1804
105 78 23279
105 87 6676
105 89 1456
105 92 708
105 98 2892
105 98 2768
105 106 33
105 107 470
105 108 7372
105 111 71
105 111 5148
105 116 84
105 117 1468
105 117 18126
105 120 4590
105 125 563
105 127 333
105 132 3907
105 142 163
106 41 14996
106 42 355
106 46 711
106 48 7653
106 50 426
106 62 4372
106 63 94
106 63 8719
106 78 93
106 78 25203
106 90 2552
106 92 6623
106 96 272
106 100 653
106 105 27
106 107 51
106 107 2298
106 110 1983
106 132 247
106 132 8652
107 41 2893
107 61 122
107 78 66
107 78 8086
107 100 426
107 105 465
107 106 46
107 106 2345
108 41 1110
108 59 463
108 78 933
108 105 12
108 105 7708
110 61 38
110 106 2001
111 34 4572
111 41 3225
111 60 3573
111 70 26
111 70 1086
111 105 4990
111 120 115
111 120 1469
112 92 1471
113 34 97
113 34 5849
113 55 810
113 101 125
114 50 1820
115 41 16325
115 48 10330
115 57 16
115 92 8004
116 50 1214
116 63 9
116 78 8494
116 100 412
117 41 892
117 41 11281
117 48 147
117 60 190
117 62 921
117 63 141
117 68 2685
117 70 31
117 78 107
117 78 16950
117 79 293
117 100 1450
117 102 1184
117 105 1905
117 105 17028
117 111 145
119 48 1306
120 34 798
120 60 1764
120 78 4498
120 105 125
120 105 4206
120 111 1844
121 55 1101
122 78 1301
123 55 2128
125 105 576
126 92 922
127 41 7517
127 78 4911
127 100 828
127 105 455
128 41 53
128 41 3353
130 41 376
131 50 1587
132 36 95
132 41 14443
132 48 127
132 61 227
132 63 8981
132 78 7908
132 105 3831
132 106 8535
133 78 2746
142 105 199
144 41 21
144 41 1519
146 41 879
147 41 403
148 34 260
148 60 330
151 50 2520
153 61 65
153 92 2486
156 78 1115
158 50 60
158 50 5968
158 78 191
6 9 262
6 34 1281
6 78 8461
6 105 938
9 41 2804
9 78 7616
9 105 985
16 78 246
16 78 2549
17 78 13409
21 105 670
23 105 731
24 41 80
24 41 3572
24 78 239
24 78 4606
27 78 796
28 78 2719
28 86 29
30 60 39
30 78 226
30 87 55
30 105 487
30 105 6736
31 50 2567
32 78 70
32 78 4045
33 41 147
34 6 1353
34 41 143
34 41 7656
34 44 536
34 55 120
34 55 4862
34 60 3819
34 66 2759
34 78 1255
34 78 3685
34 82 92
34 82 3716
34 88 8618
34 101 178
34 105 523
34 105 5357
34 108 235
34 111 4000
34 113 85
34 113 6364
34 120 374
34 148 411
36 41 336
36 41 10199
36 50 281
36 50 2556
36 63 8552
36 78 166
36 78 14950
36 106 47
37 55 264
37 55 2842
37 78 1702
38 50 37
38 50 216
38 62 219
39 48 2677
39 78 63
39 78 1688
40 41 224
40 41 460
41 9 2977
41 21 158
41 24 3620
41 30 172
41 33 73
41 34 7632
41 36 308
41 36 9982
41 40 254
41 40 419
41 42 1245
41 44 1861
41 45 468
41 48 808
41 48 3389
41 50 1554
41 50 4157
41 56 370
41 57 543
41 58 106
41 60 114
41 60 4515
41 61 65
41 61 3060
41 62 8130
41 63 244
41 63 19542
41 65 42
41 65 1697
41 68 643
41 68 2144
41 69 15
41 69 5489
41 72 65
41 72 936
41 74 567
41 75 171
41 78 617
41 78 30350
41 82 535
41 85 222
41 85 6563
41 87 2216
41 88 738
41 92 343
41 92 6440
41 96 586
41 100 639
41 100 8068
41 101 4371
41 102 2721
41 105 421
41 105 12782
41 106 1294
41 106 16051
41 107 291
41 107 2346
41 108 1541
41 110 59
41 111 83
41 111 3843
41 115 15603
41 117 2865
41 117 9788
41 127 198
41 127 6430
41 128 110
41 128 2857
41 130 24
41 130 275
41 132 1138
41 132 13346
41 144 1611
41 146 826
41 147 431
41 153 125
42 41 1691
42 48 1200
42 50 1202
42 50 2398
42 78 202
42 78 10606
42 92 389
42 105 43
42 106 237
43 58 1967
43 63 288
43 78 4631
43 92 336
43 92 425
44 34 546
44 41 1961
44 82 6
45 41 532
45 78 891
46 106 16
46 106 608
47 78 1303
48 39 2635
48 41 977
48 41 3562
48 42 1427
48 43 44
48 50 112
48 50 1960
48 57 958
48 57 6414
48 58 64
48 61 66
48 62 202
48 63 487
48 63 12472
48 78 474
48 78 21822
48 80 834
48 81 68
48 81 4611
48 84 91
48 84 4281
48 92 770
48 92 13154
48 99 152
48 100 111
48 105 580
48 106 74
48 106 6445
48 115 9394
48 119 1077
48 132 157
49 78 2182
50 31 2583
50 36 152
50 36 2477
50 38 16
50 38 262
50 41 1540
50 41 3389
50 42 1152
50 42 2214
50 48 112
50 48 2022
50 62 346
50 62 4394
50 63 17669
50 73 2759
50 76 12
50 78 213
50 78 16037
50 81 1355
50 92 118
50 92 288
50 101 202
50 101 3065
50 105 220
50 105 1221
50 106 456
50 116 22
50 116 1147
50 131 1534
50 151 2223
50 158 586
50 158 5150
52 78 223
53 41 48
53 78 3782
53 100 114
53 100 330
54 78 3074
55 34 59
55 34 4930
55 37 134
55 37 2314
55 78 172
55 78 7162
55 101 58
55 101 5730
55 105 4409
55 113 53
55 113 864
55 121 1083
55 123 71
55 123 2477
56 41 108
56 117 45
57 41 554
57 48 954
57 48 5832
57 58 65
57 76 30
57 78 4217
57 92 268
57 92 2870
58 41 74
58 43 1931
58 63 1110
58 63 8272
58 78 223
58 78 11142
58 92 8161
59 87 66
59 105 121
59 105 6474
59 108 108
59 108 503
60 16 258
60 34 2632
60 41 106
60 41 6197
60 63 312
60 75 1757
60 78 1889
60 78 6870
60 87 272
60 105 239
60 105 15045
60 108 178
60 111 2413
60 117 143
60 120 96
60 120 2641
60 148 386
61 41 307
61 41 2987
61 62 80
61 63 89
61 78 569
61 78 10130
61 87 140
61 100 90
61 105 362
61 105 9875
61 107 120
61 110 26
61 132 54
62 38 169
62 41 9914
62 48 151
62 50 353
62 50 3824
62 61 79
62 63 13081
62 78 580
62 78 12868
62 96 49
62 96 3972
62 100 296
62 100 386
62 105 218
62 105 1841
62 106 3581
62 108 165
62 117 939
63 36 8379
63 41 105
63 41 20185
63 43 406
63 48 575
63 48 13328
63 50 18705
63 58 1410
63 58 7942
63 60 323
63 61 86
63 62 250
63 62 12973
63 68 218
63 75 3538
63 87 432
63 92 421
63 92 19773
63 100 212
63 100 685
63 105 1137
63 105 20309
63 106 9754
63 117 119
63 132 7655
65 41 60
65 41 1544
66 34 2908
68 41 605
68 41 2599
68 63 189
68 117 103
68 117 2123
69 41 57
69 41 5146
70 87 37
70 105 813
70 111 1517
71 78 2246
72 41 139
72 41 980
72 78 664
73 50 2806
74 41 573
74 78 223
74 105 57
74 105 4901
74 108 18
75 60 1865
75 63 2152
75 78 195
75 78 3521
75 105 1222
75 105 1640
76 78 170
76 78 4480
77 105 1621
77 105 1223
78 6 8386
78 9 8135
78 16 2809
78 17 14182
78 24 118
78 24 4775
78 27 1281
78 28 2829
78 30 228
78 30 168
78 32 3988
78 34 4816
78 36 305
78 36 14587
78 37 979
78 39 36
78 39 1657
78 41 1134
78 41 31261
78 42 10905
78 43 4822
78 45 962
78 47 1121
78 48 385
78 48 22273
78 49 2159
78 50 854
78 50 15304
78 52 300
78 53 3662
78 54 2956
78 55 7232
78 57 4590
78 58 363
78 58 11589
78 60 1858
78 60 7320
78 61 357
78 61 10610
78 62 654
78 62 14031
78 68 343
78 71 2334
78 72 786
78 74 155
78 75 4186
78 76 5053
78 81 4954
78 84 4512
78 86 2493
78 87 161
78 87 5668
78 88 49
78 90 225
78 90 9706
78 92 672
78 92 27844
78 93 433
78 94 5198
78 95 781
78 96 10
78 96 314
78 98 25
78 98 3849
78 100 347
78 100 1758
78 101 659
78 104 2067
78 105 2794
78 105 21239
78 106 202
78 106 24169
78 107 7564
78 108 179
78 108 1258
78 116 67
78 116 7758
78 117 2957
78 117 16802
78 120 4383
78 122 1191
78 127 4993
78 132 111
78 132 7581
78 133 26
78 133 2387
78 156 1255
78 158 1713
79 117 103
79 117 325
80 48 820
81 48 175
81 48 4374
81 50 1284
81 76 86
81 78 58
81 78 4818
82 34 107
82 34 3758
82 41 534
82 44 16
84 48 107
84 48 4126
84 76 64
84 78 60
84 78 4238
85 41 215
85 41 6321
85 100 95
86 78 2776
87 41 1885
87 63 144
87 74 41
87 78 156
87 78 5238
87 92 425
87 105 124
87 105 6076
87 107 389
87 117 72
87 127 117
88 34 9119
88 41 958
88 78 81
88 105 203
89 105 67
89 105 1249
90 42 5
90 78 314
90 78 9682
90 92 69
90 92 2522
90 106 2360
91 92 934
92 36 167
92 41 111
92 41 7236
92 42 177
92 43 417
92 43 422
92 48 712
92 48 13387
92 50 83
92 50 278
92 57 287
92 57 2876
92 58 8020
92 61 107
92 62 603
92 63 404
92 63 16878
92 76 130
92 78 901
92 78 25770
92 87 538
92 90 2922
92 91 950
92 97 35
92 97 1119
92 105 699
92 106 105
92 106 6883
92 112 23
92 112 1288
92 115 107
92 115 7090
92 126 743
92 153 232
92 153 2545
93 78 321
93 120 44
94 78 4889
95 28 52
95 78 740
96 62 24
96 62 4050
96 78 73
96 78 991
96 106 409
97 92 11
97 92 1158
98 60 15
98 78 3269
98 105 3120
98 105 3108
99 48 161
100 30 1
100 41 883
100 41 7007
100 48 77
100 53 546
100 60 24
100 62 116
100 62 443
100 63 113
100 63 713
100 78 320
100 78 1656
100 85 105
100 105 173
100 106 143
100 106 900
100 107 521
100 115 112
100 116 104
100 116 414
100 117 198
100 117 1646
100 127 767
101 41 4757
101 50 163
101 50 2825
101 55 55
101 55 5102
101 78 1052
102 41 62
102 41 2402
102 117 1144
104 78 1990
105 6 1106
105 9 763
105 21 729
105 23 744
105 30 596
105 30 6508
105 34 458
105 34 6107
105 41 395
105 41 12293
105 42 4
105 50 270
105 50 1001
105 55 2946
105 59 310
105 59 6430
105 60 304
105 60 16634
105 61 467
105 61 9892
105 62 188
105 62 1802
105 63 1051
105 63 19432
105 70 589
105 74 50
105 74 4676
105 75 1641
105 75 1811
105 77 1955
105 77 1419
105 78 2300
105 78 20456
105 87 117
105 87 5786
105 89 119
105 89 1275
105 92 698
105 98 3448
105 98 3017
105 107 585
105 108 156
105 108 6860
105 111 69
105 111 4774
105 117 4068
105 117 14964
105 120 132
105 120 4254
105 125 499
105 127 432
105 132 185
105 132 2275
105 142 133
106 41 1444
106 41 15045
106 42 295
106 46 16
106 46 582
106 48 6676
106 50 454
106 62 3636
106 63 8725
106 78 211
106 78 23602
106 90 2306
106 92 90
106 92 6849
106 96 344
106 100 133
106 100 736
106 107 133
106 107 2156
106 110 28
106 110 1583
106 117 27
106 127 132
106 132 7373
107 41 296
107 41 2454
107 61 58
107 78 7690
107 87 494
107 100 512
107 105 575
107 106 69
107 106 2185
108 41 1317
108 59 90
108 59 472
108 78 231
108 78 1173
108 105 193
108 105 7545
110 41 67
110 106 68
110 106 1667
111 34 3832
111 41 3638
111 60 2682
111 70 1450
111 87 102
111 105 4925
111 120 1208
112 92 50
112 92 1265
113 34 165
113 34 6435
113 55 55
113 55 849
113 101 125
115 41 15963
115 48 9702
115 92 8035
115 100 106
116 50 93
116 50 1057
116 78 63
116 78 7748
116 100 102
116 100 418
117 30 215
117 41 2774
117 41 10474
117 60 102
117 62 932
117 63 88
117 68 164
117 68 2207
117 70 37
117 78 3025
117 78 16845
117 79 109
117 79 405
117 87 122
117 100 400
117 100 1392
117 102 1147
117 105 2504
117 105 16523
117 106 20
117 111 165
119 48 1148
120 34 735
120 41 55
120 60 35
120 60 1442
120 78 4349
120 87 223
120 105 4062
120 111 1805
121 55 1080
122 78 1147
123 55 118
123 55 2328
125 105 461
126 92 677
127 41 204
127 41 6769
127 78 4692
127 100 845
127 105 532
127 106 133
128 33 23
128 41 107
128 41 2701
130 41 24
130 41 278
131 50 1583
132 41 1131
132 41 12920
132 48 74
132 61 54
132 63 7143
132 78 150
132 78 7683
132 105 84
132 105 2428
132 106 7083
133 78 41
133 78 2384
142 105 15
142 105 147
144 41 1645
146 41 858
147 41 362
148 34 362
148 60 474
151 50 2381
153 24 120
153 41 67
153 92 233
153 92 2676
156 78 1254
158 50 570
158 50 5009
158 78 1606
6 34 2558
6 78 10456
6 105 2276
9 41 3008
9 78 267
9 78 8944
9 105 3242
16 78 3003
17 78 15933
21 24 136
21 105 635
23 105 621
24 27 162
24 41 9839
24 78 159
24 78 7613
27 78 156
27 78 1894
28 78 2993
30 78 2252
30 105 1442
30 105 6399
30 117 2425
31 50 3108
32 78 3823
33 41 102
34 6 2790
34 41 9900
34 44 717
34 55 5620
34 60 4033
34 66 2854
34 78 4909
34 82 3836
34 88 10602
34 101 229
34 105 7200
34 107 127
34 111 4841
34 113 6286
34 120 438
34 148 322
36 41 11468
36 50 1286
36 50 2968
36 63 8568
36 78 14485
36 106 16
37 55 3317
37 78 1892
38 50 267
38 62 314
39 48 35
39 48 3333
39 78 3346
40 41 2061
41 9 3032
41 21 156
41 24 9820
41 33 56
41 34 8998
41 36 11430
41 40 2320
41 42 84
41 42 1625
41 44 2115
41 45 848
41 48 2623
41 48 3834
41 50 2819
41 50 4328
41 56 164
41 57 461
41 58 130
41 60 4328
41 60 3626
41 61 2603
41 62 9959
41 63 19526
41 65 1828
41 68 3012
41 68 2740
41 69 6342
41 72 851
41 72 1198
41 74 447
41 78 2315
41 78 31924
41 82 714
41 85 6684
41 87 2919
41 87 1647
41 88 337
41 92 6635
41 96 651
41 100 5998
41 100 7881
41 101 4869
41 102 371
41 102 2998
41 105 3008
41 105 13084
41 106 2242
41 106 15028
41 107 3477
41 108 3273
41 108 1738
41 111 1349
41 111 4388
41 115 17981
41 117 5508
41 117 9465
41 127 8419
41 128 3135
41 130 429
41 132 16150
41 144 2013
41 146 1120
41 147 435
42 41 1766
42 48 1213
42 50 597
42 50 3286
42 78 112
42 78 10745
42 92 257
42 105 127
42 106 232
43 58 2274
43 63 331
43 78 70
43 78 5085
43 92 406
44 34 476
44 41 64
44 41 1981
44 82 10
45 41 770
45 78 900
46 106 378
47 78 1204
48 39 3340
48 41 2456
48 41 4419
48 42 36
48 42 1445
48 50 59
48 50 2069
48 53 59
48 57 1410
48 57 6391
48 61 111
48 62 95
48 63 102
48 63 11692
48 78 493
48 78 24039
48 80 880
48 81 874
48 81 4478
48 84 5636
48 92 347
48 92 12116
48 99 231
48 100 453
48 105 434
48 106 5379
48 115 9902
48 117 120
48 119 1409
48 132 128
49 78 2486
50 31 3025
50 36 1293
50 36 2955
50 38 331
50 41 3022
50 41 3056
50 42 593
50 42 2832
50 48 2478
50 53 46
50 60 26
50 62 5331
50 63 17361
50 73 3405
50 78 251
50 78 18229
50 81 1762
50 92 291
50 101 3133
50 105 110
50 105 1599
50 106 443
50 116 1328
50 131 1756
50 151 2887
50 158 6104
52 47 61
52 78 24
52 78 728
53 48 11
53 78 3724
53 100 466
53 105 405
54 78 3106
55 34 5349
55 37 3469
55 63 4321
55 78 129
55 78 7479
55 101 98
55 101 5814
55 105 484
55 105 4783
55 113 1358
55 121 1350
55 123 3168
56 41 59
56 117 76
57 41 461
57 48 1177
57 48 6932
57 76 35
57 78 1907
57 78 4089
57 92 32
57 92 2956
58 43 2341
58 63 239
58 63 9060
58 78 91
58 78 11866
58 92 83
58 92 8970
58 107 52
59 105 69
59 105 7160
59 108 417
60 34 3063
60 41 4211
60 41 4300
60 63 12833
60 75 4493
60 77 23
60 78 3192
60 78 6502
60 105 17288
60 107 38
60 111 2739
60 117 146
60 120 2986
60 148 339
61 41 2963
61 48 77
61 62 81
61 63 206
61 78 498
61 78 11160
61 105 12980
61 132 95
62 38 190
62 41 44
62 41 12088
62 50 71
62 50 4740
62 63 10378
62 74 31
62 78 4
62 78 12860
62 87 464
62 96 4141
62 100 404
62 105 3564
62 106 4783
62 108 669
62 117 2749
62 132 12
63 36 451
63 36 8244
63 41 18443
63 43 378
63 48 11391
63 50 17268
63 55 4250
63 58 9137
63 60 13499
63 61 194
63 62 10086
63 75 3062
63 87 636
63 92 17606
63 100 678
63 105 23437
63 106 9667
63 117 17018
63 132 5785
65 41 1909
66 34 2854
68 41 2494
68 41 2772
68 117 2740
69 41 6461
70 78 2050
70 105 887
70 111 2010
71 78 2643
72 41 586
72 41 1152
72 78 653
73 50 3178
74 41 441
74 78 1804
74 105 5223
75 60 4461
75 63 3081
75 78 5000
75 105 1778
75 105 1868
76 78 1193
76 78 4265
77 105 1530
77 105 1641
78 6 10869
78 9 156
78 9 9080
78 16 3182
78 17 15044
78 24 7202
78 27 1938
78 28 3065
78 30 2323
78 32 3775
78 34 5341
78 36 13937
78 37 1210
78 39 3238
78 41 463
78 41 31015
78 42 59
78 42 11035
78 43 70
78 43 5332
78 45 909
78 47 1158
78 48 71
78 48 24417
78 49 2337
78 50 17907
78 52 98
78 52 846
78 53 108
78 53 3853
78 54 3045
78 55 8195
78 57 1822
78 57 4163
78 58 11929
78 60 3398
78 60 6739
78 61 366
78 61 10584
78 62 13490
78 68 247
78 70 2025
78 71 2509
78 72 678
78 74 1833
78 75 4871
78 76 60
78 76 5665
78 81 4963
78 84 98
78 84 5259
78 86 2815
78 87 3554
78 87 4472
78 88 54
78 90 10066
78 92 16
78 92 26712
78 93 415
78 94 4902
78 95 955
78 96 87
78 98 4441
78 100 3846
78 100 1613
78 101 717
78 104 2691
78 105 22716
78 106 599
78 106 23903
78 107 9106
78 108 2090
78 108 1685
78 111 2733
78 116 7732
78 117 1920
78 117 15053
78 120 4047
78 120 4733
78 122 1362
78 127 5332
78 132 8593
78 133 2607
78 156 1629
78 158 2399
79 117 327
80 48 1048
81 48 1321
81 48 4316
81 50 1684
81 78 4931
82 34 3423
82 41 27
82 41 684
82 44 2
84 48 5438
84 76 58
84 78 5201
85 41 56
85 41 6645
86 78 2873
87 41 2383
87 41 1527
87 62 411
87 63 639
87 78 3247
87 78 4256
87 92 420
87 105 209
87 105 6346
87 107 842
87 127 446
88 34 10756
88 41 805
88 105 161
89 105 1670
90 78 337
90 78 10120
90 92 575
90 92 2824
90 106 2827
91 92 1082
92 36 162
92 41 7858
92 42 323
92 43 392
92 48 12780
92 50 345
92 57 3117
92 58 10588
92 62 766
92 63 71
92 63 20486
92 76 67
92 78 158
92 78 27589
92 81 84
92 87 428
92 90 581
92 90 3101
92 91 1103
92 97 1047
92 106 5431
92 112 1341
92 115 7938
92 126 909
92 153 94
92 153 3242
93 78 279
93 120 42
94 78 5075
95 78 963
96 62 3825
96 78 899
96 105 212
96 106 269
96 132 3
97 92 1087
98 78 4539
98 105 2534
98 105 3383
99 48 231
100 41 5181
100 41 6918
100 48 429
100 53 467
100 60 43
100 62 299
100 63 672
100 78 3970
100 78 1757
100 105 143
100 106 294
100 106 704
100 107 451
100 115 374
100 115 459
100 116 414
100 117 2744
100 117 2055
100 127 999
101 41 5104
101 50 2776
101 55 112
101 55 5193
101 78 968
101 113 34
102 41 216
102 41 3203
102 117 1763
104 78 2572
105 6 2245
105 9 3563
105 21 571
105 23 599
105 30 1544
105 30 6142
105 34 7380
105 41 2586
105 41 13339
105 42 98
105 48 449
105 50 1815
105 53 389
105 55 485
105 55 4431
105 59 70
105 59 7527
105 60 17536
105 61 12601
105 62 3588
105 63 23337
105 70 708
105 74 4985
105 75 1686
105 75 1898
105 77 1278
105 77 1329
105 78 23048
105 87 265
105 87 6035
105 89 1618
105 92 362
105 96 94
105 96 170
105 98 2891
105 98 2959
105 107 450
105 108 1557
105 108 7114
105 111 5163
105 117 3150
105 117 20604
105 120 2323
105 120 4944
105 125 430
105 127 363
105 132 4248
105 142 532
106 30 55
106 41 17181
106 42 187
106 46 349
106 48 5350
106 50 469
106 62 4348
106 63 9967
106 78 1182
106 78 24882
106 90 2823
106 92 4822
106 96 334
106 100 309
106 100 774
106 107 1702
106 110 1280
106 117 2768
106 132 7106
107 41 69
107 41 3212
107 78 9178
107 87 781
107 100 450
107 105 467
107 106 1699
107 108 454
108 41 3223
108 41 1493
108 59 470
108 62 466
108 78 1940
108 78 1607
108 105 1334
108 105 7292
108 107 429
108 127 351
110 106 1318
111 34 4923
111 41 1501
111 41 4152
111 60 2984
111 70 1808
111 78 2434
111 105 5523
111 120 1565
112 92 1464
113 34 6568
113 55 1303
113 101 197
115 41 16056
115 48 10783
115 92 7973
115 100 323
115 100 437
116 50 1297
116 78 7606
116 100 308
117 30 2521
117 41 4319
117 41 9363
117 48 161
117 60 169
117 62 2371
117 63 161
117 63 17728
117 68 2779
117 70 24
117 78 1928
117 78 14555
117 79 335
117 100 2655
117 100 1649
117 102 1706
117 105 3077
117 105 18456
117 106 2938
117 111 101
117 117 97
119 48 1424
120 34 873
120 60 1936
120 78 4276
120 78 4589
120 105 2263
120 105 5085
120 111 1982
121 55 1130
122 78 1381
123 55 2322
125 105 443
126 92 1014
127 41 134
127 41 8454
127 78 5264
127 87 466
127 100 1179
127 105 465
127 108 420
128 41 3292
130 41 421
131 50 5
131 50 1772
132 41 16285
132 48 105
132 61 76
132 63 5691
132 78 8543
132 105 4123
132 106 7205
133 78 2597
142 105 545
144 41 1881
146 41 1105
147 41 382
148 34 450
148 60 445
151 50 2801
153 92 95
153 92 3147
156 78 1690
158 50 17
158 50 5941
158 78 83
158 78 2290
6 34 1806
6 78 213
6 78 8391
6 105 1156
9 41 2824
9 78 8198
9 105 2514
16 78 3050
17 78 240
17 78 14641
21 105 771
23 105 617
24 41 2450
24 78 8124
27 78 2163
28 78 2947
28 86 11
30 41 735
30 78 437
30 105 129
30 105 7136
30 117 316
30 117 1637
31 50 2920
32 78 4421
33 41 42
34 6 1761
34 41 9470
34 44 642
34 55 4958
34 60 3450
34 66 3146
34 78 5527
34 82 3514
34 88 11113
34 101 127
34 105 6331
34 111 4879
34 113 6434
34 120 495
34 148 462
36 41 10451
36 50 159
36 50 2895
36 63 8967
36 78 1638
36 78 15599
36 106 21
37 55 3331
37 78 172
37 78 1729
38 50 176
38 62 274
39 48 3187
39 78 1713
39 78 2715
40 41 359
40 41 634
41 9 2738
41 24 2649
41 30 475
41 33 74
41 34 9254
41 36 10255
41 40 163
41 40 614
41 42 116
41 42 1920
41 44 1981
41 45 800
41 48 1865
41 48 3385
41 50 1830
41 50 3838
41 56 54
41 57 111
41 58 155
41 60 468
41 60 4283
41 61 855
41 61 7184
41 62 10054
41 63 91
41 63 22910
41 65 1797
41 68 394
41 68 2884
41 69 6128
41 72 130
41 72 1253
41 74 575
41 76 116
41 78 286
41 78 32817
41 82 604
41 85 6812
41 87 315
41 87 1851
41 88 403
41 92 107
41 92 7156
41 96 539
41 100 658
41 100 7430
41 101 4689
41 102 3248
41 105 319
41 105 12837
41 106 172
41 106 11897
41 107 66
41 107 3173
41 108 233
41 108 1999
41 111 344
41 111 4319
41 115 17999
41 117 701
41 117 11686
41 127 49
41 127 7972
41 128 3311
41 130 353
41 132 15085
41 144 1733
41 146 739
41 147 527
42 41 98
42 41 2107
42 48 1437
42 50 69
42 50 4347
42 61 91
42 78 67
42 78 10355
42 92 273
42 105 1
42 106 427
43 58 2186
43 63 429
43 78 190
43 78 5019
43 92 40
43 92 496
44 34 526
44 41 1949
44 82 7
45 41 846
45 78 944
46 106 591
47 52 6
47 78 1131
48 36 15
48 39 3163
48 41 1299
48 41 3983
48 42 1447
48 50 2252
48 57 90
48 57 6882
48 61 1532
48 62 142
48 63 13668
48 78 469
48 78 22767
48 80 881
48 81 83
48 81 5157
48 84 4626
48 92 13332
48 99 1105
48 100 58
48 105 660
48 106 4298
48 115 9068
48 117 10
48 119 988
48 132 159
49 78 2141
50 31 2778
50 36 200
50 36 2854
50 38 296
50 41 2077
50 41 3357
50 42 69
50 42 3950
50 48 2583
50 60 13
50 61 173
50 62 5654
50 63 20334
50 73 3326
50 78 17562
50 81 1538
50 92 140
50 101 3681
50 105 1753
50 106 322
50 107 54
50 114 850
50 116 1361
50 131 1809
50 151 2683
50 158 5557
52 42 82
52 78 868
53 78 3828
53 100 545
53 105 26
54 78 3113
55 34 4406
55 37 3211
55 63 4009
55 78 313
55 78 7634
55 92 425
55 101 5274
55 105 4988
55 113 1686
55 121 1271
55 123 2709
56 41 15
56 105 322
56 117 42
57 41 110
57 48 137
57 48 6555
57 78 186
57 78 3870
57 92 2877
58 41 84
58 43 2064
58 63 10375
58 78 11311
58 92 8780
59 105 68
59 105 7689
59 108 417
60 34 2890
60 36 6
60 41 496
60 41 6299
60 63 12665
60 75 596
60 75 2352
60 78 598
60 78 6608
60 98 25
60 105 15645
60 111 2356
60 120 434
60 120 2483
60 148 570
61 41 914
61 41 7527
61 42 119
61 48 63
61 48 1597
61 50 128
61 58 40
61 62 787
61 63 90
61 63 2424
61 78 115
61 78 16444
61 90 777
61 92 1927
61 96 56
61 100 227
61 105 12448
61 107 60
61 117 95
61 132 41
61 132 2290
62 38 234
62 41 11997
62 48 145
62 50 4704
62 61 777
62 63 14093
62 78 111
62 78 13357
62 87 75
62 96 4411
62 100 482
62 105 1265
62 106 3125
62 108 81
62 117 1382
63 36 114
63 36 8718
63 41 100
63 41 21692
63 43 525
63 48 14541
63 50 18608
63 55 3203
63 58 10769
63 60 12718
63 61 2471
63 62 13447
63 75 230
63 75 2331
63 87 174
63 92 70
63 92 24340
63 100 551
63 105 20985
63 106 8325
63 117 16977
63 132 8763
65 41 1878
66 34 3244
68 41 660
68 41 3087
68 117 2858
69 41 56
69 41 6309
70 78 272
70 105 909
70 111 1661
71 78 2506
72 41 207
72 41 1170
72 78 74
72 78 276
73 50 3341
74 41 578
74 105 259
74 105 6256
75 60 626
75 60 2640
75 63 345
75 63 2572
75 78 4428
75 105 199
75 105 3482
76 78 283
76 78 4519
77 105 256
77 105 1639
78 6 255
78 6 8850
78 9 7359
78 16 2970
78 17 15559
78 24 162
78 24 8392
78 27 2146
78 28 2956
78 30 288
78 32 4201
78 34 5425
78 36 1396
78 36 15429
78 37 6
78 37 1107
78 39 1698
78 39 2711
78 41 257
78 41 31360
78 42 237
78 42 10504
78 43 94
78 43 5575
78 45 896
78 47 1186
78 48 174
78 48 23066
78 49 2091
78 50 507
78 50 16196
78 52 849
78 53 3650
78 54 3198
78 55 120
78 55 7322
78 57 328
78 57 4110
78 58 437
78 58 11442
78 60 418
78 60 7255
78 61 112
78 61 16452
78 62 14441
78 68 252
78 70 243
78 71 2629
78 72 290
78 75 3593
78 76 5074
78 81 5254
78 84 4812
78 86 2658
78 87 317
78 87 5417
78 88 72
78 90 70
78 90 10789
78 92 95
78 92 28678
78 93 494
78 94 4721
78 95 776
78 96 136
78 98 316
78 98 3484
78 100 320
78 100 1498
78 101 712
78 102 2253
78 104 2382
78 105 574
78 105 21958
78 106 412
78 106 19877
78 107 8468
78 108 119
78 108 1518
78 111 323
78 116 7741
78 117 269
78 117 14527
78 120 504
78 120 4761
78 122 1206
78 127 5281
78 132 7673
78 133 2873
78 156 1556
78 158 2000
79 105 14
79 117 512
80 48 920
81 48 185
81 48 5283
81 50 1557
81 78 5183
82 34 3826
82 41 618
82 44 12
84 48 4871
84 78 4531
85 41 6808
86 78 2857
87 41 464
87 41 1749
87 62 118
87 63 150
87 78 297
87 78 5870
87 92 406
87 105 49
87 105 7421
87 107 510
87 127 145
88 34 8883
88 41 677
88 78 45
88 105 162
89 105 1402
89 142 19
90 61 800
90 78 171
90 78 11196
90 92 110
90 92 3352
90 106 2257
91 92 1100
92 36 140
92 41 7808
92 42 262
92 43 39
92 43 506
92 48 218
92 48 13280
92 50 123
92 57 2971
92 58 8595
92 61 1964
92 62 903
92 63 20878
92 78 66
92 78 27560
92 87 410
92 90 93
92 90 3352
92 91 1084
92 97 1515
92 105 671
92 106 5437
92 112 1493
92 115 7406
92 126 961
92 153 2858
93 78 258
93 120 42
94 78 4717
95 78 772
96 61 43
96 62 4576
96 78 1062
96 105 295
96 106 335
97 92 1216
98 63 22
98 78 4544
98 105 614
98 105 5311
98 117 85
99 48 1161
100 30 98
100 41 973
100 41 7864
100 48 113
100 53 581
100 60 8
100 61 330
100 62 408
100 63 611
100 78 387
100 78 1680
100 105 143
100 106 105
100 106 464
100 107 458
100 115 92
100 115 560
100 116 517
100 117 344
100 117 2613
100 127 1261
101 41 5137
101 50 3307
101 55 4912
101 78 1140
101 113 143
102 41 322
102 41 2775
102 78 2345
102 117 2737
104 78 2588
105 6 1437
105 9 2005
105 21 790
105 23 781
105 30 98
105 30 7085
105 34 7336
105 41 270
105 41 13638
105 42 6
105 48 114
105 50 1794
105 53 76
105 55 3596
105 56 267
105 59 68
105 59 8001
105 60 15144
105 61 13758
105 62 1316
105 63 22923
105 70 781
105 74 5961
105 75 175
105 75 3380
105 77 192
105 77 1358
105 78 347
105 78 22447
105 79 4
105 87 70
105 87 7028
105 89 1259
105 92 592
105 96 313
105 98 759
105 98 5136
105 107 570
105 108 117
105 108 7522
105 111 5447
105 113 174
105 117 416
105 117 20576
105 120 205
105 120 5061
105 125 379
105 127 549
105 132 3903
105 142 36
105 142 90
106 41 11306
106 42 309
106 46 549
106 48 4726
106 50 407
106 62 2993
106 63 7838
106 78 430
106 78 19936
106 90 2099
106 92 5497
106 96 275
106 100 20
106 100 596
106 107 1985
106 110 1455
106 115 3436
106 117 262
106 132 5956
107 41 3284
107 61 53
107 78 8656
107 87 609
107 100 399
107 105 559
107 106 2159
107 108 87
108 41 310
108 41 2086
108 59 462
108 62 117
108 78 118
108 78 1500
108 105 105
108 105 7730
108 107 113
108 127 105
110 106 1632
111 34 4845
111 41 469
111 41 4022
111 60 3180
111 70 1708
111 78 443
111 105 5474
111 120 1633
112 92 1471
113 34 7020
113 55 1714
113 101 176
114 50 1023
115 41 16635
115 48 9944
115 92 8060
115 100 33
115 100 469
115 106 3874
116 50 1558
116 78 7704
116 100 510
117 30 169
117 30 1647
117 41 714
117 41 12298
117 48 11
117 60 30
117 62 1739
117 63 18903
117 68 2446
117 70 5
117 78 287
117 78 15813
117 79 483
117 98 124
117 100 264
117 100 2342
117 102 2382
117 105 516
117 105 20241
117 106 409
117 111 30
117 132 66
119 48 1238
120 34 978
120 60 528
120 60 1586
120 63 48
120 78 505
120 78 5194
120 105 202
120 105 4995
120 111 2093
121 55 1264
122 78 1255
123 55 2430
125 105 436
126 92 895
127 41 104
127 41 7936
127 78 5444
127 87 116
127 100 1108
127 105 572
127 108 21
128 41 3235
130 41 335
131 50 1945
132 28 82
132 41 285
132 41 14699
132 48 94
132 61 2216
132 63 8858
132 78 7993
132 100 87
132 105 3839
132 106 6342
133 78 2800
142 89 2
142 105 79
142 105 147
144 41 1842
146 41 801
147 41 510
148 34 317
148 60 483
151 50 2838
153 92 2859
156 78 1538
158 50 5757
158 78 1869
6 34 1541
6 78 205
6 78 7026
6 105 664
9 41 1007
9 78 1120
9 78 6825
9 105 1262
16 78 2717
17 78 13625
21 105 630
23 105 713
24 41 1379
24 78 7537
27 78 1168
28 78 2599
28 86 9
30 41 784
30 105 92
30 105 6934
30 117 1682
31 50 2842
32 78 4513
33 41 54
34 6 1548
34 41 8857
34 44 1
34 44 662
34 55 4445
34 60 3266
34 63 4442
34 66 3200
34 78 259
34 78 5112
34 82 3551
34 88 9234
34 101 114
34 105 5995
34 111 4591
34 113 176
34 113 6977
34 120 410
34 148 483
36 34 148
36 41 10228
36 50 2571
36 63 9163
36 78 15931
37 55 3009
37 78 1590
37 113 38
38 50 247
38 62 301
39 48 4114
39 78 121
39 78 3999
40 41 861
41 9 932
41 24 1286
41 30 505
41 33 96
41 34 8600
41 36 10293
41 40 888
41 44 2171
41 45 583
41 48 3412
41 50 2093
41 50 3838
41 60 4203
41 61 237
41 61 15275
41 62 9616
41 63 22021
41 65 1637
41 68 2898
41 69 6900
41 72 1229
41 74 468
41 78 70
41 78 31274
41 82 489
41 85 6667
41 87 2285
41 88 356
41 92 7021
41 96 598
41 100 8281
41 101 113
41 101 3875
41 102 3058
41 105 12809
41 106 212
41 106 5372
41 107 117
41 107 3073
41 108 1606
41 111 3430
41 115 17492
41 117 12261
41 127 106
41 127 7346
41 128 42
41 128 3049
41 130 392
41 132 1723
41 132 15043
41 144 1597
41 146 1174
41 147 436
42 41 210
42 48 1280
42 50 82
42 50 4151
42 52 8
42 78 139
42 78 10009
42 92 245
43 48 37
43 58 3234
43 63 676
43 71 37
43 78 109
43 78 4717
43 92 465
44 34 597
44 41 79
44 41 1903
44 82 9
45 41 563
45 78 901
46 106 526
47 42 118
47 50 92
47 52 6
47 78 1141
48 39 4232
48 41 3210
48 42 156
48 42 1326
48 43 37
48 43 53
48 50 13
48 50 2259
48 57 508
48 57 4917
48 58 38
48 61 138
48 61 5291
48 62 169
48 63 13350
48 78 483
48 78 23523
48 80 1186
48 81 6195
48 84 5232
48 92 550
48 92 14723
48 99 980
48 106 2141
48 115 7267
48 119 1129
48 132 156
49 78 2079
50 31 2733
50 36 2767
50 38 299
50 41 2463
50 41 2945
50 42 4064
50 48 2351
50 61 608
50 62 4632
50 63 19383
50 73 3023
50 78 14280
50 81 1438
50 92 210
50 101 3645
50 105 1457
50 106 147
50 114 1056
50 116 1101
50 131 1746
50 151 2580
50 158 683
50 158 5906
52 78 625
53 78 3590
53 100 447
54 78 2910
55 34 4034
55 37 2855
55 63 3484
55 78 113
55 78 6860
55 92 359
55 101 4874
55 105 4301
55 113 1615
55 121 1349
55 123 2528
56 105 313
57 48 592
57 48 4403
57 63 8142
57 78 3514
57 92 91
57 92 2977
58 41 46
58 43 3451
58 63 17
58 63 11380
58 78 75
58 78 11054
58 92 43
58 92 8275
59 105 7625
59 108 396
60 34 2855
60 41 5579
60 63 15076
60 75 2279
60 78 6567
60 105 16457
60 111 2258
60 120 2579
60 148 335
61 41 74
61 41 14897
61 48 85
61 48 5771
61 50 18
61 50 364
61 62 256
61 62 2353
61 63 158
61 63 6849
61 78 1504
61 78 26117
61 90 1323
61 92 7026
61 96 64
61 100 593
61 105 112
61 105 12468
61 107 98
61 115 2356
61 115 470
61 132 709
62 38 190
62 41 11422
62 50 137
62 50 4115
62 61 2865
62 63 12904
62 78 11383
62 96 139
62 96 4173
62 100 401
62 105 893
62 106 1176
62 117 1596
63 30 25
63 34 4469
63 36 300
63 36 9078
63 41 83
63 41 21737
63 43 623
63 48 102
63 48 12849
63 50 18596
63 55 3199
63 57 8182
63 58 11715
63 60 16542
63 61 6462
63 62 197
63 62 12979
63 75 3414
63 90 60
63 90 6990
63 92 1089
63 92 22694
63 96 290
63 100 725
63 105 21546
63 106 123
63 106 3209
63 117 21764
63 132 6611
65 41 1643
66 34 3212
68 41 3177
68 117 2651
69 41 6866
70 105 801
70 111 1527
71 58 4
71 78 109
71 78 2317
72 41 1310
72 78 157
73 50 3044
74 41 457
74 105 197
74 105 5779
75 60 2932
75 63 3538
75 78 195
75 78 3609
75 105 3339
76 78 67
76 78 4725
77 105 1858
78 6 216
78 6 7478
78 9 115
78 9 7811
78 16 3126
78 17 298
78 17 14217
78 24 7646
78 27 1031
78 28 2674
78 32 4604
78 34 156
78 34 4612
78 36 15616
78 37 813
78 39 85
78 39 4266
78 41 439
78 41 29810
78 42 10418
78 43 86
78 43 5058
78 45 838
78 47 1338
78 48 1173
78 48 22888
78 49 2017
78 50 398
78 50 14248
78 52 475
78 53 3419
78 54 2953
78 55 7099
78 57 20
78 57 3600
78 58 66
78 58 11293
78 60 6921
78 61 1321
78 61 26749
78 62 12045
78 71 93
78 71 2404
78 72 255
78 75 239
78 75 2941
78 76 4988
78 81 5465
78 84 6260
78 86 2729
78 87 4126
78 88 57
78 90 84
78 90 9356
78 92 97
78 92 27650
78 93 389
78 94 4877
78 95 700
78 96 125
78 98 4057
78 100 1484
78 101 465
78 102 2535
78 104 88
78 104 2233
78 105 22625
78 106 2458
78 106 6960
78 107 7836
78 108 674
78 116 6994
78 117 15843
78 120 4415
78 122 1229
78 127 5207
78 132 93
78 132 8702
78 133 2833
78 156 1410
79 105 17
79 117 401
80 48 1296
81 48 6207
81 50 1251
81 78 5023
82 34 3497
82 41 616
82 44 17
84 48 5135
84 78 5771
85 41 6593
86 78 2880
87 41 2337
87 78 93
87 78 4000
87 92 105
87 105 7012
87 107 517
87 117 1494
88 34 8247
88 41 588
88 78 59
88 105 302
89 105 1340
90 61 1553
90 63 85
90 63 6758
90 78 9518
90 92 101
90 92 3071
90 106 608
91 92 1016
92 41 7289
92 42 87
92 43 534
92 48 574
92 48 14346
92 50 53
92 57 137
92 57 2681
92 58 8429
92 61 7336
92 63 408
92 63 22966
92 71 91
92 76 70
92 78 58
92 78 28352
92 90 26
92 90 3253
92 91 993
92 97 1296
92 105 652
92 106 2323
92 112 1468
92 115 7881
92 126 1011
92 153 78
92 153 2993
93 78 332
93 120 22
94 78 4962
95 78 683
96 61 11
96 62 148
96 62 4422
96 63 265
96 78 995
96 105 216
96 106 1
97 92 1326
98 78 4391
98 105 8
98 105 4933
98 117 138
99 48 1071
100 30 44
100 41 12
100 41 8166
100 53 448
100 60 3
100 61 527
100 62 392
100 63 762
100 78 1513
100 105 128
100 106 404
100 107 558
100 115 404
100 116 414
100 117 2224
100 127 893
101 41 4485
101 50 3115
101 55 128
101 55 4598
101 78 74
101 78 935
101 113 183
102 41 98
102 41 2822
102 78 2374
102 117 2617
104 78 93
104 78 2169
105 6 863
105 9 875
105 21 625
105 23 622
105 30 6930
105 34 7018
105 41 13030
105 50 1489
105 55 3303
105 56 285
105 59 7543
105 60 16393
105 61 98
105 61 12198
105 62 785
105 63 48
105 63 22699
105 70 754
105 74 5586
105 75 3153
105 77 1576
105 78 22762
105 79 4
105 87 6760
105 89 1273
105 96 251
105 98 61
105 98 5108
105 101 54
105 107 483
105 108 7300
105 111 105
105 111 4927
105 117 20539
105 120 4619
105 125 486
105 127 441
105 132 326
105 132 2350
105 142 73
106 41 187
106 41 5045
106 46 555
106 48 2136
106 50 141
106 62 1182
106 63 175
106 63 2978
106 78 2444
106 78 6671
106 90 559
106 92 2356
106 96 4
106 100 341
106 107 105
106 107 1879
106 110 1039
106 115 32413
106 132 81
106 132 8339
107 41 3208
107 61 122
107 63 22
107 78 63
107 78 8092
107 87 411
107 100 556
107 105 457
107 106 137
107 106 2049
108 41 1595
108 59 406
108 78 653
108 105 7230
110 106 1154
111 34 4601
111 41 3355
111 60 2996
111 70 1582
111 105 5455
111 120 1513
112 92 3
112 92 1411
113 34 7679
113 55 1773
113 101 265
114 50 1061
115 41 17073
115 48 7275
115 61 111
115 61 4210
115 92 8000
115 100 399
115 106 33996
116 50 1451
116 78 55
116 78 7162
116 100 410
117 30 1984
117 41 11716
117 60 118
117 62 1570
117 63 22304
117 68 2685
117 78 15744
117 79 374
117 87 1432
117 98 62
117 100 2608
117 102 2477
117 105 129
117 105 20311
117 111 35
117 146 299
119 48 1318
120 34 578
120 60 1678
120 78 4759
120 105 4679
120 111 2103
121 55 1257
122 78 1189
123 55 2316
123 121 10
125 105 509
126 92 936
127 41 326
127 41 6962
127 78 5307
127 100 898
127 105 435
128 41 3117
130 41 433
131 50 1865
132 41 1571
132 41 14903
132 48 66
132 61 1170
132 63 6471
132 78 924
132 78 7850
132 105 668
132 105 2023
132 106 8333
133 78 2876
142 105 106
144 41 1643
146 41 1182
146 117 400
147 41 414
148 34 337
148 60 320
151 50 2710
153 92 94
153 92 2890
156 78 1444
158 50 662
158 50 5694
6 34 1678
6 78 7660
6 105 981
9 41 3140
9 63 217
9 78 186
9 78 8068
9 105 2267
16 78 3281
17 78 10571
21 105 588
23 105 590
24 41 1100
24 78 6727
27 78 621
28 78 3408
30 41 745
30 105 44
30 105 7323
30 117 1794
31 50 2448
32 78 4963
33 41 67
34 6 1655
34 36 27
34 41 9404
34 44 1903
34 55 163
34 55 4804
34 60 3764
34 63 4806
34 66 75
34 66 3103
34 78 148
34 78 4690
34 82 115
34 82 3803
34 88 152
34 88 9220
34 101 119
34 105 6301
34 111 270
34 111 4387
34 113 8003
34 120 231
34 148 392
36 41 11452
36 50 2770
36 63 10403
36 78 129
36 78 18409
36 96 18
36 105 13282
37 55 2964
37 78 1736
38 50 239
38 62 315
39 48 4737
39 78 5477
40 41 1016
41 9 2976
41 24 1195
41 30 529
41 33 86
41 34 8680
41 36 104
41 36 11649
41 40 1000
41 42 190
41 43 48
41 44 2573
41 45 597
41 48 3384
41 50 3949
41 58 2219
41 60 4526
41 61 537
41 61 2840
41 62 9877
41 63 23747
41 65 1797
41 68 447
41 68 3247
41 69 7452
41 72 1343
41 74 466
41 78 634
41 78 34145
41 82 94
41 85 7184
41 87 2544
41 88 383
41 92 3
41 92 7225
41 96 569
41 100 805
41 100 8044
41 101 4020
41 102 3359
41 105 13402
41 106 119
41 106 19978
41 107 3446
41 108 1700
41 111 3837
41 115 18603
41 117 4
41 117 12877
41 127 8597
41 128 3249
41 130 421
41 131 2
41 132 16308
41 144 1682
41 146 1352
41 147 451
42 41 415
42 48 1604
42 50 4569
42 58 1
42 78 11072
42 92 379
42 106 64
43 41 48
43 58 4118
43 63 1124
43 78 5274
43 90 95
43 92 45
44 34 1805
44 41 2680
45 41 520
45 78 624
46 61 111
46 106 698
47 42 6
47 52 12
47 78 1210
48 36 7
48 39 4689
48 41 3328
48 42 1995
48 50 2027
48 53 55
48 57 391
48 57 6278
48 58 82
48 61 97
48 62 20
48 63 365
48 63 12320
48 78 298
48 78 23990
48 80 1434
48 81 6268
48 84 6334
48 92 420
48 92 15139
48 99 1487
48 106 7008
48 115 6852
48 119 1327
48 132 173
49 78 1969
50 31 2466
50 36 2858
50 38 315
50 41 51
50 41 2991
50 42 4466
50 48 2022
50 62 5193
50 63 151
50 63 18788
50 73 3236
50 78 14895
50 81 1425
50 92 246
50 101 3859
50 105 1625
50 106 529
50 114 772
50 116 1336
50 131 1845
50 151 2423
50 158 5603
52 78 717
53 78 47
53 78 4819
53 100 421
54 78 3220
55 34 146
55 34 4563
55 37 2865
55 63 3948
55 78 7862
55 92 373
55 101 173
55 101 5512
55 105 4737
55 113 2051
55 121 1337
55 123 2652
56 105 315
57 48 431
57 48 5710
57 63 8727
57 76 64
57 78 3550
57 92 3032
58 24 69
58 41 2081
58 43 29
58 43 4115
58 63 12111
58 78 11275
58 92 10229
59 105 132
59 105 8171
59 108 331
60 34 3216
60 41 5716
60 63 17332
60 75 2940
60 78 6072
60 105 16943
60 111 2196
60 120 1289
60 120 1615
60 148 327
61 41 504
61 41 3105
61 46 101
61 63 47
61 78 760
61 78 11929
61 92 76
61 105 13206
61 107 276
61 110 30
61 110 237
61 115 64
61 132 73
62 36 14
62 38 186
62 41 11139
62 50 4240
62 63 12979
62 78 11477
62 96 5124
62 100 397
62 105 901
62 106 4332
62 117 1732
62 131 106
63 34 167
63 34 4777
63 36 161
63 36 9973
63 41 153
63 41 22868
63 43 1151
63 48 13007
63 50 18715
63 55 3860
63 57 9171
63 58 12329
63 60 17705
63 61 80
63 62 13537
63 72 210
63 75 3594
63 78 91
63 90 7061
63 92 26715
63 96 159
63 100 775
63 100 532
63 105 176
63 105 23711
63 106 61
63 106 9639
63 117 20374
63 132 6421
65 41 1754
66 34 110
66 34 3318
68 41 413
68 41 3264
68 117 3054
69 41 7326
70 105 1004
70 111 1396
71 78 2566
72 41 1379
72 63 212
72 78 225
73 50 3059
74 41 465
74 105 6608
75 60 3486
75 63 4044
75 78 1724
75 98 732
75 105 3789
76 78 4956
77 105 3077
78 6 7794
78 9 7784
78 16 2938
78 17 10510
78 24 6942
78 27 644
78 28 3240
78 30 41
78 32 4890
78 34 167
78 34 4532
78 36 96
78 36 18341
78 37 842
78 39 5571
78 41 1843
78 41 30624
78 42 11406
78 43 6117
78 45 595
78 47 1399
78 48 746
78 48 24509
78 49 2023
78 50 51
78 50 15059
78 52 577
78 53 4739
78 54 3247
78 55 7541
78 57 3764
78 58 89
78 58 11702
78 60 6446
78 61 211
78 61 11482
78 62 136
78 62 12508
78 68 45
78 71 2653
78 72 262
78 75 2616
78 76 5103
78 81 5678
78 84 6808
78 86 3177
78 87 4600
78 88 53
78 90 451
78 90 10384
78 92 75
78 92 28965
78 93 304
78 94 5310
78 95 694
78 96 79
78 98 1836
78 100 1190
78 101 690
78 102 2408
78 104 2317
78 105 21584
78 106 587
78 106 26941
78 107 8624
78 108 964
78 113 405
78 116 8433
78 117 95
78 117 13887
78 120 4561
78 122 1327
78 127 62
78 127 5480
78 132 8864
78 133 3049
78 156 1518
78 158 173
78 158 1568
79 105 12
79 117 420
80 48 1414
81 48 6363
81 50 1403
81 78 51
81 78 4932
82 34 100
82 34 3921
84 28 1
84 48 6440
84 78 6457
85 41 7143
86 78 3181
87 41 2243
87 78 4587
87 105 414
87 105 7305
87 107 429
87 117 2322
88 34 107
88 34 8309
88 41 506
88 78 35
88 105 657
89 105 1326
90 58 56
90 63 165
90 63 6440
90 78 616
90 78 10621
90 92 302
90 92 2950
90 106 2512
91 92 995
92 41 8405
92 42 90
92 48 235
92 48 15370
92 50 51
92 57 2862
92 58 10241
92 61 188
92 63 1588
92 63 23122
92 76 113
92 78 2
92 78 27732
92 81 123
92 90 282
92 90 2962
92 91 972
92 97 1399
92 105 237
92 106 7788
92 112 1493
92 115 6919
92 126 824
92 153 3176
93 78 203
93 120 16
94 78 5300
94 90 26
95 78 665
96 62 5040
96 63 117
96 78 911
96 105 304
96 106 18
97 92 1415
98 78 3194
98 105 5859
98 107 126
98 117 121
99 48 1528
100 41 743
100 41 7817
100 53 458
100 62 380
100 63 861
100 63 611
100 78 1299
100 105 154
100 106 645
100 107 464
100 115 435
100 116 424
100 117 31
100 117 2655
100 127 885
101 41 4843
101 50 3302
101 55 4563
101 78 131
101 78 1198
101 113 202
102 41 3144
102 78 2471
102 117 95
102 117 5014
104 78 2238
105 6 1060
105 9 261
105 9 1980
105 21 639
105 23 644
105 30 7447
105 34 6469
105 36 13083
105 41 118
105 41 13001
105 50 1724
105 55 3733
105 56 312
105 59 123
105 59 8046
105 60 17448
105 61 13191
105 62 942
105 63 24149
105 70 800
105 74 6068
105 75 3813
105 77 2627
105 78 21892
105 79 22
105 87 535
105 87 7182
105 88 300
105 89 1313
105 92 318
105 96 230
105 98 6046
105 107 464
105 108 8754
105 111 4599
105 117 21179
105 120 4979
105 125 435
105 127 465
105 132 334
105 132 2675
105 142 112
106 41 19800
106 42 60
106 46 749
106 48 7231
106 50 547
106 58 87
106 62 4191
106 63 9587
106 78 65
106 78 27646
106 90 2390
106 92 7728
106 96 20
106 100 671
106 107 167
106 107 2221
106 110 1628
106 115 66
106 115 36693
106 132 7605
107 41 3429
107 61 449
107 78 8926
107 87 410
107 100 449
107 105 470
107 106 113
107 106 2286
108 41 1676
108 59 473
108 78 921
108 105 8547
110 61 247
110 106 1741
111 34 42
111 34 4518
111 41 3885
111 60 54
111 60 2485
111 70 1700
111 78 125
111 105 4849
111 120 936
111 120 911
112 92 1531
113 34 125
113 34 8231
113 55 2060
113 78 19
113 78 379
113 101 246
114 50 780
115 41 18498
115 48 7025
115 61 355
115 92 7197
115 100 382
115 106 37379
116 50 1534
116 63 19
116 78 8255
116 100 422
117 30 2048
117 41 2
117 41 13183
117 60 37
117 62 1730
117 63 99
117 63 20580
117 68 2814
117 78 122
117 78 13972
117 79 421
117 87 1858
117 98 167
117 100 107
117 100 2722
117 102 4851
117 105 21006
117 107 103
117 111 6
117 146 338
119 48 1337
120 34 416
120 60 1289
120 60 859
120 78 4783
120 105 4946
120 107 131
120 111 976
120 111 1290
121 55 1279
122 78 1307
123 55 2229
125 105 428
126 92 894
127 41 8329
127 78 5455
127 100 896
127 105 458
128 41 3331
130 41 411
131 50 1856
132 41 16472
132 48 78
132 61 46
132 63 6445
132 78 9163
132 105 601
132 105 2386
132 106 7205
133 78 3086
142 105 148
144 41 1684
146 41 1467
146 117 252
147 41 451
148 34 331
148 60 445
151 50 2649
153 92 3169
156 78 1583
158 50 5557
158 78 86
158 78 1528
6 34 1747
6 78 7230
6 105 937
9 41 2987
9 78 8290
9 105 2204
16 78 3062
17 78 173
17 78 10813
21 105 777
23 105 609
24 41 1267
24 78 6940
27 78 738
28 63 1100
28 78 2722
30 105 45
30 105 6897
30 117 2361
31 50 2283
32 78 5089
33 41 22
33 128 11
34 6 1794
34 41 8694
34 44 1014
34 55 4651
34 60 3348
34 63 611
34 63 4043
34 66 3654
34 78 4466
34 82 4132
34 88 8439
34 101 131
34 105 5341
34 111 20
34 111 4045
34 113 6962
34 120 310
34 148 369
36 41 9886
36 50 64
36 50 2756
36 61 243
36 62 89
36 63 9278
36 78 142
36 78 16924
36 105 362
36 105 11291
36 106 5985
37 55 66
37 55 2763
37 78 1918
38 50 175
38 62 298
39 28 11
39 48 4529
39 78 4571
40 41 243
40 41 973
41 9 3096
41 24 1328
41 30 2
41 33 73
41 34 7632
41 36 9323
41 40 268
41 40 1008
41 42 680
41 44 1740
41 45 492
41 48 3315
41 50 3345
41 58 2084
41 60 3734
41 61 33
41 61 2917
41 62 7901
41 63 102
41 63 20663
41 65 25
41 65 1498
41 68 166
41 68 2886
41 69 228
41 69 6293
41 72 140
41 72 1188
41 74 439
41 78 438
41 78 32129
41 85 133
41 85 6148
41 87 2026
41 88 420
41 92 7204
41 96 433
41 98 54
41 100 604
41 100 6869
41 101 3372
41 102 2656
41 105 83
41 105 11838
41 106 16680
41 107 122
41 107 2998
41 108 1884
41 111 3585
41 115 72
41 115 16961
41 117 172
41 117 13445
41 127 42
41 127 7083
41 128 3018
41 130 363
41 132 223
41 132 15541
41 144 1459
41 146 1126
41 147 423
42 41 553
42 48 1447
42 50 3673
42 78 9913
42 92 267
42 106 96
43 58 3181
43 61 45
43 63 139
43 63 719
43 78 106
43 78 4467
43 92 49
44 34 892
44 41 1871
45 41 473
45 78 512
46 61 615
47 52 8
47 78 1045
48 36 10
48 39 4219
48 41 38
48 41 3200
48 42 1451
48 50 224
48 50 2017
48 57 68
48 57 6227
48 61 165
48 63 503
48 63 13532
48 78 573
48 78 22261
48 80 1063
48 81 5666
48 84 6173
48 92 14127
48 99 1120
48 106 6186
48 107 511
48 119 1243
48 132 45
49 78 2089
49 107 35
50 31 2212
50 36 96
50 36 2724
50 38 323
50 41 3109
50 42 3628
50 48 262
50 48 1906
50 62 4996
50 63 14308
50 73 2658
50 78 54
50 78 14792
50 81 38
50 81 1437
50 84 74
50 92 225
50 92 332
50 101 260
50 101 3471
50 105 1423
50 106 465
50 114 52
50 114 621
50 116 36
50 116 953
50 131 45
50 131 1325
50 151 2279
50 158 4130
52 78 824
53 78 3408
53 100 543
53 107 2
54 28 32
54 78 2763
55 34 4216
55 37 83
55 37 2901
55 63 3915
55 78 7286
55 92 228
55 101 4554
55 105 4321
55 113 1743
55 121 1207
55 123 2685
56 105 362
57 43 65
57 48 52
57 48 6000
57 63 157
57 63 5179
57 78 101
57 78 4386
57 92 128
57 92 2986
58 41 2192
58 43 3389
58 63 259
58 63 9515
58 78 66
58 78 12248
58 92 9870
58 106 10
59 105 12
59 105 7634
59 108 303
60 34 2667
60 41 5361
60 63 12813
60 75 1899
60 78 117
60 78 7378
60 105 14940
60 111 81
60 111 1087
60 148 483
61 36 101
61 41 182
61 41 2871
61 46 603
61 62 74
61 78 510
61 78 11130
61 90 89
61 92 126
61 105 114
61 105 11462
61 107 85
61 107 1940
61 110 1360
61 115 534
62 38 82
62 41 9393
62 50 4131
62 61 150
62 63 8953
62 78 324
62 78 10309
62 96 4025
62 100 148
62 100 460
62 105 910
62 106 3960
62 116 20
62 117 791
63 28 1125
63 30 1
63 34 1063
63 34 3269
63 36 8809
63 41 214
63 41 19515
63 43 690
63 48 14410
63 50 14348
63 55 3286
63 57 5303
63 58 203
63 58 10328
63 60 12892
63 62 9590
63 68 159
63 75 3140
63 78 36
63 87 822
63 90 5192
63 92 19593
63 100 1094
63 100 381
63 105 22008
63 106 708
63 106 5795
63 107 1829
63 117 105
63 117 16845
63 132 5283
65 41 34
65 41 1306
66 34 3603
66 82 96
68 41 135
68 41 2941
68 63 253
68 117 3928
69 41 199
69 41 6244
70 105 892
70 111 1256
71 48 13
71 78 2465
72 41 106
72 41 1341
73 50 2780
74 41 447
74 105 42
74 105 5885
75 60 2622
75 63 3179
75 78 841
75 98 45
75 105 3716
76 78 4484
77 105 2798
78 6 252
78 6 7357
78 9 8575
78 16 2924
78 17 10130
78 24 7087
78 27 703
78 28 2402
78 32 4843
78 34 3991
78 36 16069
78 37 1008
78 39 4712
78 41 339
78 41 29763
78 42 9695
78 43 4967
78 45 463
78 47 1008
78 48 1083
78 48 22359
78 49 2244
78 50 14396
78 52 25
78 52 645
78 53 3291
78 54 2735
78 55 6235
78 57 118
78 57 4615
78 58 13122
78 60 7847
78 61 107
78 61 10867
78 62 83
78 62 11804
78 63 1
78 68 216
78 71 306
78 71 2227
78 72 162
78 75 357
78 75 1907
78 76 4577
78 81 29
78 81 4897
78 84 6322
78 86 2242
78 87 5114
78 88 51
78 90 11029
78 92 417
78 92 26898
78 93 402
78 94 5776
78 95 47
78 95 854
78 96 65
78 98 142
78 98 1200
78 100 1301
78 101 662
78 102 306
78 102 2175
78 104 87
78 104 2138
78 105 22004
78 106 671
78 106 23509
78 107 67
78 107 7348
78 108 774
78 113 462
78 116 7214
78 117 103
78 117 16016
78 120 4419
78 122 1032
78 127 4838
78 132 105
78 132 8513
78 133 2635
78 156 1067
78 158 2125
79 105 20
79 117 389
80 48 1070
81 41 11
81 48 5512
81 50 1450
81 76 4
81 78 4615
82 34 89
82 34 3841
84 48 6333
84 50 113
84 78 5848
85 41 36
85 41 6207
86 78 2328
87 41 42
87 41 1870
87 63 550
87 78 5364
87 105 208
87 105 6441
87 107 352
87 117 1757
88 34 7851
88 41 720
88 78 44
88 105 1001
89 105 1251
89 142 10
90 63 4671
90 78 11455
90 92 3236
90 106 1694
91 92 48
91 92 862
92 28 10
92 41 8113
92 42 124
92 43 47
92 48 14100
92 50 183
92 50 51
92 57 178
92 57 2870
92 58 10217
92 61 162
92 63 727
92 63 17570
92 78 400
92 78 25633
92 90 3303
92 91 51
92 91 888
92 97 1208
92 105 209
92 106 6943
92 107 11
92 112 1191
92 126 37
92 126 800
92 153 24
92 153 3220
93 78 299
93 120 13
94 78 5607
94 116 74
95 78 46
95 78 857
96 61 24
96 62 3980
96 78 836
96 105 320
96 106 170
96 116 16
97 92 1136
98 41 63
98 78 46
98 78 1689
98 105 121
98 105 5557
98 117 993
99 48 1130
100 41 504
100 41 6847
100 53 578
100 60 4
100 62 102
100 62 360
100 63 822
100 63 429
100 78 1499
100 105 152
100 106 294
100 107 403
100 115 493
100 116 526
100 117 70
100 117 4645
100 127 1042
101 41 4358
101 50 222
101 50 2952
101 55 3956
101 78 1063
101 113 125
102 41 2774
102 78 2608
102 107 2
102 117 4947
104 78 84
104 78 2180
105 6 965
105 9 2179
105 17 203
105 21 800
105 23 746
105 30 64
105 30 6820
105 34 5598
105 36 288
105 36 10979
105 41 96
105 41 12714
105 50 1429
105 55 3072
105 56 360
105 59 7491
105 60 112
105 60 14619
105 61 118
105 61 11825
105 62 900
105 63 22686
105 70 531
105 74 30
105 74 5395
105 75 3563
105 77 2285
105 78 21848
105 79 12
105 87 238
105 87 6374
105 88 479
105 89 1268
105 96 292
105 98 108
105 98 5637
105 107 538
105 108 7714
105 111 4089
105 117 18551
105 120 48
105 120 4753
105 125 456
105 127 498
105 132 192
105 132 1910
105 142 61
106 28 90
106 36 74
106 36 6120
106 41 15635
106 42 153
106 48 6331
106 50 404
106 58 24
106 62 3655
106 63 234
106 63 6831
106 78 264
106 78 23011
106 90 55
106 90 1484
106 92 6709
106 96 244
106 100 273
106 107 47
106 115 37
106 115 30571
106 117 168
107 41 129
107 41 2931
107 48 552
107 61 92
107 61 2040
107 63 1832
107 78 63
107 78 7789
107 87 472
107 100 384
107 105 531
108 41 1903
108 59 330
108 78 802
108 105 7583
110 61 1481
111 34 181
111 34 3761
111 41 3652
111 60 1117
111 70 183
111 70 824
111 105 4038
111 120 2029
112 92 1262
113 34 7586
113 55 1768
113 78 575
113 101 211
114 50 76
114 50 653
115 41 104
115 41 16936
115 61 1037
115 100 462
115 106 31202
116 50 18
116 50 1089
116 78 7188
116 100 511
117 30 2109
117 41 373
117 41 13264
117 60 49
117 62 904
117 63 17434
117 68 3801
117 78 16292
117 79 380
117 87 41
117 87 1656
117 98 778
117 100 88
117 100 4662
117 102 529
117 102 4473
117 105 18439
117 106 167
117 107 122
117 111 5
117 132 162
117 146 414
119 48 1272
120 34 359
120 78 4654
120 105 145
120 105 4759
120 111 2001
121 55 1237
122 78 1109
123 55 2490
125 105 454
126 92 60
126 92 857
127 41 41
127 41 7085
127 78 4762
127 100 1041
127 105 553
128 41 3094
130 41 401
131 50 57
131 50 1429
132 41 113
132 41 15270
132 48 147
132 63 5477
132 78 29
132 78 8491
132 105 322
132 105 1746
132 117 189
133 78 2667
142 105 111
144 41 1541
146 41 1099
146 117 410
147 41 417
148 34 265
148 60 478
151 50 2330
153 92 45
153 92 3200
156 78 1093
156 107 2
156 116 7
158 50 4303
158 78 2047
6 34 2609
6 41 1765
6 78 204
6 78 13447
6 105 1922
9 41 3379
9 78 10586
9 105 4369
16 78 220
16 78 2797
17 78 12886
21 78 159
21 105 493
23 105 819
24 40 228
24 41 6303
24 78 8750
27 78 506
28 63 2427
28 78 14
28 78 2900
28 100 201
29 78 541
30 41 791
30 78 36
30 78 2380
30 105 146
30 105 6532
30 117 2212
31 50 2575
32 78 4639
33 41 73
34 6 2795
34 37 508
34 41 8761
34 44 1477
34 55 4146
34 60 3368
34 63 316
34 63 4280
34 66 12
34 66 3869
34 78 4744
34 82 240
34 82 3812
34 88 8125
34 101 18
34 105 372
34 105 6469
34 111 118
34 111 4652
34 113 445
34 113 6100
34 120 135
34 148 417
36 41 12076
36 50 2563
36 61 272
36 63 8842
36 78 159
36 78 16787
36 87 266
36 105 686
36 105 13336
36 106 5840
37 34 1027
37 55 2843
37 78 2124
38 50 216
38 62 249
39 48 113
39 48 3640
39 78 4500
39 92 253
40 24 73
40 41 805
40 41 939
40 78 169
41 6 1842
41 9 3376
41 24 5690
41 30 1288
41 33 102
41 34 8468
41 36 11210
41 40 1342
41 40 1180
41 42 1043
41 44 2233
41 45 100
41 45 534
41 48 135
41 48 3309
41 50 272
41 50 3155
41 58 2851
41 60 433
41 60 4520
41 61 730
41 61 3281
41 62 182
41 62 8733
41 63 437
41 63 19368
41 65 1556
41 68 1769
41 68 2458
41 69 69
41 69 6377
41 72 626
41 72 1389
41 74 1037
41 74 519
41 78 1026
41 78 29631
41 84 90
41 85 132
41 85 6396
41 87 1403
41 87 2791
41 88 380
41 92 8111
41 96 372
41 100 3198
41 100 8643
41 101 233
41 101 3546
41 102 3193
41 105 2919
41 105 14400
41 106 288
41 106 16805
41 107 284
41 107 2156
41 108 1107
41 108 1819
41 110 39
41 111 4057
41 115 16191
41 117 478
41 117 15865
41 127 58
41 127 6147
41 128 104
41 128 2802
41 130 482
41 132 573
41 132 15640
41 144 1465
41 146 1189
41 147 452
42 41 1400
42 48 1464
42 50 41
42 50 4205
42 78 66
42 78 9386
42 92 284
42 100 115
42 106 116
43 58 3142
43 63 632
43 78 4763
43 92 15
44 34 1629
44 41 2582
45 41 78
45 41 476
45 78 714
46 61 27
46 61 400
47 42 69
47 78 900
48 39 165
48 39 3729
48 41 136
48 41 3466
48 42 1393
48 50 117
48 50 2194
48 57 786
48 57 7177
48 61 158
48 63 1553
48 63 11461
48 78 284
48 78 22326
48 80 1249
48 81 5770
48 84 5546
48 92 66
48 92 13890
48 99 1332
48 100 315
48 100 344
48 106 6584
48 107 887
48 119 1144
48 132 168
49 78 2322
50 31 2434
50 36 2902
50 38 318
50 41 453
50 41 2885
50 42 3888
50 48 106
50 48 2453
50 62 5514
50 63 120
50 63 18264
50 73 2792
50 78 189
50 78 15167
50 81 336
50 81 1624
50 92 255
50 100 676
50 101 76
50 101 3698
50 105 443
50 105 1812
50 106 592
50 107 230
50 114 36
50 114 655
50 116 65
50 116 1612
50 127 229
50 131 1500
50 151 2429
50 158 4337
52 78 725
53 78 4041
53 100 40
53 100 690
54 78 45
54 78 2776
55 34 4752
55 37 3216
55 63 3841
55 78 7191
55 92 188
55 101 5194
55 105 1862
55 105 4518
55 113 855
55 113 1260
55 121 1329
55 123 3435
56 105 342
57 43 15
57 48 922
57 48 7373
57 58 1076
57 63 5217
57 78 68
57 78 3983
57 90 438
57 92 65
57 92 3151
58 41 2555
58 43 3253
58 57 768
58 61 90
58 63 10283
58 78 408
58 78 9213
58 92 9313
58 94 303
58 100 347
58 106 639
58 153 323
59 105 118
59 105 6119
59 108 368
60 34 2528
60 41 181
60 41 5198
60 61 32
60 63 309
60 63 13646
60 75 1772
60 78 411
60 78 6610
60 105 15903
60 148 275
61 41 671
61 41 2924
61 46 50
61 46 335
61 48 163
61 58 66
61 62 69
61 62 4
61 78 872
61 78 9419
61 83 29
61 83 180
61 92 278
61 105 1829
61 105 12908
61 107 1695
61 110 63
61 110 1320
61 127 175
62 38 105
62 41 11026
62 48 58
62 50 4135
62 61 70
62 63 9121
62 78 9924
62 87 327
62 87 231
62 96 3139
62 100 661
62 100 648
62 105 737
62 106 4316
62 108 324
62 117 230
62 117 1117
63 28 2925
63 34 447
63 34 4267
63 36 9027
63 41 484
63 41 20160
63 43 587
63 48 1671
63 48 11377
63 50 150
63 50 16444
63 55 3297
63 57 4991
63 58 11048
63 60 348
63 60 16869
63 61 59
63 62 9136
63 68 1145
63 72 2026
63 75 163
63 75 2981
63 87 1010
63 90 7059
63 92 626
63 92 23158
63 100 4103
63 100 744
63 105 453
63 105 25745
63 106 70
63 106 6354
63 107 4109
63 108 345
63 117 20134
63 132 112
63 132 5836
64 78 176
65 41 1397
66 34 76
66 34 4281
68 41 754
68 41 2255
68 63 990
68 78 957
68 106 879
68 108 18
68 117 52
68 117 4816
69 41 91
69 41 5612
70 105 481
70 105 772
70 111 1463
71 78 2167
71 92 2
72 41 243
72 41 1213
72 63 821
72 78 224
73 50 3123
74 41 652
74 41 469
74 78 197
74 78 1424
74 105 67
74 105 5019
75 60 2937
75 63 2964
75 78 913
75 78 1140
75 98 129
75 105 114
75 105 3436
76 78 4748
76 92 22
77 105 146
77 105 2393
78 6 254
78 6 14332
78 9 11319
78 16 3512
78 17 13265
78 24 8355
78 27 630
78 28 26
78 28 2319
78 29 428
78 30 107
78 30 2697
78 32 4735
78 34 4151
78 36 16197
78 37 1283
78 39 4424
78 40 298
78 41 2125
78 41 29997
78 42 137
78 42 8403
78 43 5017
78 45 726
78 47 903
78 48 328
78 48 22972
78 49 2449
78 50 158
78 50 12960
78 52 617
78 53 39
78 53 4157
78 54 31
78 54 2400
78 55 6089
78 57 93
78 57 3689
78 58 10974
78 60 521
78 60 8463
78 61 174
78 61 10099
78 62 1065
78 62 9068
78 63 150
78 64 189
78 68 1377
78 71 2634
78 72 607
78 74 493
78 74 1421
78 75 1005
78 75 2863
78 76 64
78 76 4860
78 81 59
78 81 5058
78 84 59
78 84 6118
78 86 21
78 86 2769
78 87 627
78 87 6309
78 88 42
78 90 158
78 90 8098
78 92 113
78 92 23368
78 93 88
78 93 377
78 94 5017
78 95 893
78 96 123
78 98 153
78 98 1511
78 100 2566
78 100 1628
78 101 668
78 102 225
78 102 2433
78 104 2026
78 105 1000
78 105 23147
78 106 280
78 106 23242
78 107 113
78 107 7397
78 108 313
78 108 5212
78 111 342
78 113 596
78 116 168
78 116 6740
78 117 1565
78 117 14567
78 120 966
78 120 4995
78 122 1192
78 127 32
78 127 4449
78 128 65
78 128 125
78 132 105
78 132 8913
78 133 44
78 133 2632
78 152 437
78 156 1252
78 158 2272
79 105 10
79 117 318
80 48 1257
81 48 5747
81 50 36
81 50 1298
81 78 16
81 78 4805
82 34 145
82 34 4057
83 61 11
83 61 69
84 48 5542
84 50 13
84 78 6016
85 41 22
85 41 5743
85 100 403
85 117 25
86 78 17
86 78 2680
87 35 16
87 36 132
87 41 993
87 41 2855
87 62 227
87 62 94
87 63 940
87 78 337
87 78 4644
87 105 308
87 105 5615
87 107 773
87 117 63
87 117 1811
87 127 121
88 34 8387
88 41 683
88 78 31
88 105 906
89 105 1175
90 57 295
90 63 6177
90 78 741
90 78 7172
90 92 224
90 92 2904
90 106 103
90 106 2258
91 92 22
91 92 916
92 39 315
92 41 8272
92 42 117
92 48 12949
92 50 40
92 57 76
92 57 2448
92 58 10203
92 61 90
92 63 1950
92 63 19151
92 71 27
92 76 15
92 78 277
92 78 21937
92 90 288
92 90 3314
92 91 57
92 91 982
92 97 43
92 97 1383
92 105 388
92 106 102
92 106 6812
92 112 62
92 112 1277
92 117 135
92 126 40
92 126 886
92 152 639
92 153 458
92 153 3332
93 78 3
93 78 172
93 120 6
93 120 25
94 58 388
94 78 4364
95 78 889
96 62 3715
96 78 695
96 105 800
96 105 292
96 106 351
97 92 77
97 92 1288
98 41 105
98 78 129
98 78 2384
98 105 311
98 105 5469
98 117 1592
99 48 1290
100 28 134
100 41 1876
100 41 7435
100 42 231
100 48 207
100 48 286
100 50 360
100 53 162
100 53 491
100 58 233
100 60 11
100 62 327
100 62 547
100 63 2318
100 63 618
100 78 1077
100 78 1522
100 85 216
100 105 1
100 105 163
100 106 945
100 107 11
100 107 641
100 115 149
100 115 333
100 116 19
100 116 579
100 117 222
100 117 4125
100 127 915
100 132 103
101 41 5192
101 50 205
101 50 3584
101 55 4969
101 78 1234
101 113 107
102 41 2837
102 78 239
102 78 2139
102 117 13
102 117 4660
104 78 2145
105 6 2204
105 9 4274
105 21 591
105 23 659
105 30 61
105 30 7016
105 34 522
105 34 5793
105 36 334
105 36 8898
105 41 1368
105 41 11637
105 50 282
105 50 1506
105 55 1180
105 55 2653
105 56 321
105 59 230
105 59 7195
105 60 16090
105 61 1331
105 61 11412
105 62 709
105 63 1741
105 63 20476
105 70 437
105 70 594
105 74 63
105 74 5913
105 75 134
105 75 4034
105 77 432
105 77 2738
105 78 426
105 78 19217
105 79 9
105 87 534
105 87 6924
105 88 364
105 89 1434
105 92 176
105 96 432
105 96 288
105 98 313
105 98 5290
105 107 470
105 108 70
105 108 8340
105 111 4436
105 117 21339
105 120 1295
105 120 5425
105 125 30
105 125 544
105 127 449
105 132 3837
105 142 143
106 36 5893
106 41 317
106 41 16123
106 42 203
106 48 6319
106 50 322
106 58 858
106 61 117
106 62 3884
106 63 93
106 63 6168
106 68 984
106 78 272
106 78 22077
106 90 101
106 90 2152
106 92 180
106 92 6180
106 96 469
106 100 1265
106 110 83
106 115 26897
106 117 88
106 132 196
107 41 68
107 41 2822
107 48 896
107 50 126
107 61 1748
107 63 4297
107 78 126
107 78 7465
107 87 758
107 100 31
107 100 767
107 105 471
107 108 338
108 41 675
108 41 1600
108 59 446
108 62 235
108 63 280
108 78 23
108 78 4364
108 105 25
108 105 6933
108 107 176
108 127 133
110 61 56
110 61 1370
110 78 39
111 34 72
111 34 4137
111 41 91
111 41 3617
111 63 2
111 70 922
111 78 132
111 105 4299
111 120 1950
112 92 33
112 92 1227
113 34 7253
113 55 687
113 55 1014
113 78 353
113 101 191
114 50 69
114 50 776
115 41 117
115 41 18015
115 61 450
115 100 686
115 100 443
115 106 32634
115 110 109
116 50 29
116 50 1479
116 78 78
116 78 7017
116 100 83
116 100 639
117 30 2370
117 35 68
117 41 13094
117 60 94
117 62 1241
117 63 464
117 63 15915
117 68 67
117 68 5261
117 78 1408
117 78 11846
117 79 461
117 85 13
117 85 31
117 87 61
117 87 2067
117 92 122
117 98 2309
117 100 390
117 100 4964
117 102 166
117 102 4530
117 105 30
117 105 22592
117 111 7
117 118 62
117 132 880
117 146 409
119 48 1186
120 34 155
120 78 978
120 78 4741
120 105 1447
120 105 5184
120 111 1744
121 55 1245
122 78 1086
123 55 2472
125 105 24
125 105 400
126 92 28
126 92 788
126 97 45
127 41 70
127 41 6603
127 50 169
127 61 189
127 78 4567
127 87 228
127 100 1144
127 105 456
127 108 213
128 41 147
128 41 2704
128 78 64
130 41 447
131 50 1684
132 41 461
132 41 13218
132 48 135
132 61 101
132 63 5421
132 78 7498
132 100 284
132 105 4167
132 106 123
132 117 857
133 78 12
133 78 2328
142 89 28
142 105 94
144 41 1522
146 41 915
146 117 443
147 41 376
148 34 432
148 60 384
151 50 2770
152 78 274
152 92 356
153 58 291
153 92 356
153 92 3010
156 78 1394
158 50 4775
158 78 164
158 78 2262
