9 36 4310
9 60 4390
10 36 4233
10 60 4235
18 63 237
18 63 2711
21 58 959
21 61 3370
21 117 490
22 63 6199
22 78 117
23 58 848
23 60 549
23 61 4038
23 117 555
24 36 3848
24 41 113
24 55 482
24 58 2427
24 58 4115
24 60 533
24 61 8715
24 63 10622
24 74 72
24 87 446
24 100 498
24 105 565
24 105 595
24 108 513
24 117 492
24 117 401
25 61 596
25 63 1347
30 61 220
30 61 8800
30 63 9443
30 115 4732
30 115 4729
34 36 10212
34 41 347
34 44 1045
34 55 163
34 55 5179
34 60 1606
34 60 7372
34 61 5589
34 63 12078
34 78 262
34 88 6993
34 113 96
34 113 2548
34 141 1000
36 9 4724
36 10 4649
36 24 3202
36 34 11100
36 37 4847
36 41 15661
36 48 3076
36 48 4288
36 50 9468
36 51 859
36 55 13759
36 58 3610
36 60 819
36 60 13521
36 61 14763
36 62 4350
36 63 20533
36 74 3951
36 74 5038
36 78 10283
36 82 4234
36 87 4035
36 87 6698
36 88 2473
36 90 491
36 92 305
36 92 12223
36 96 239
36 96 5104
36 100 4723
36 101 5300
36 103 4031
36 105 611
36 105 13493
36 106 18394
36 108 725
36 108 5230
36 111 8767
36 113 1091
36 115 30119
36 117 11716
36 120 461
36 120 11458
37 36 5200
41 34 167
41 36 16663
41 44 1971
41 60 3105
41 61 14
41 61 12174
41 63 155
41 63 10
41 63 20307
41 85 2283
41 92 645
41 100 7983
41 106 111
41 106 4711
41 108 2446
41 115 30057
41 117 741
41 117 3673
42 61 1649
42 63 596
42 63 12283
42 78 166
42 92 176
42 115 8481
43 48 72
43 63 6738
44 34 619
44 41 1478
44 61 248
45 63 919
45 115 1202
45 115 1536
48 36 3248
48 36 4691
48 50 3061
48 57 2035
48 60 481
48 61 91
48 61 12109
48 63 114
48 63 18903
48 78 138
48 92 8550
48 105 492
48 106 6140
48 115 81
48 115 21722
48 117 2791
49 48 73
49 63 238
49 63 2422
49 115 3559
50 36 8876
50 48 2895
50 60 2929
50 61 1113
50 63 264
50 63 13037
50 87 1535
50 117 374
51 36 1186
51 103 1890
53 115 3537
53 115 4704
55 24 498
55 34 5225
55 36 13404
55 60 10544
55 61 10607
55 63 62
55 63 10200
55 101 4422
55 103 3178
55 113 55
55 113 5223
57 48 1819
57 60 1882
57 61 937
57 61 16102
57 63 4017
57 63 15058
57 78 171
57 78 158
57 105 2204
57 106 3576
57 115 5938
57 115 5104
57 117 5292
58 21 778
58 23 541
58 24 1663
58 24 3461
58 36 4913
58 58 116
58 61 962
58 61 16658
58 63 324
58 63 27134
58 106 2670
58 115 4567
58 115 22487
58 153 192
58 153 591
59 105 677
59 105 5648
60 9 4087
60 10 4475
60 23 361
60 24 414
60 34 2008
60 34 7651
60 36 863
60 36 14284
60 41 2774
60 41 542
60 48 416
60 50 2740
60 55 11425
60 57 1830
60 61 116
60 61 19310
60 62 2165
60 63 4024
60 63 19351
60 72 47
60 78 4750
60 78 164
60 105 446
60 105 12216
60 108 5929
60 111 3164
60 113 521
60 115 1360
60 115 5494
60 117 12991
60 120 3129
61 21 83
61 21 3157
61 23 3938
61 24 8332
61 25 374
61 30 257
61 30 9346
61 34 5679
61 36 15980
61 41 122
61 41 12406
61 42 1970
61 44 382
61 48 124
61 48 12985
61 50 1223
61 55 10820
61 57 1010
61 57 15384
61 58 1486
61 58 15752
61 60 79
61 60 20175
61 62 2285
61 63 19903
61 74 704
61 74 10201
61 77 3324
61 78 345
61 78 7539
61 87 1110
61 87 6892
61 90 8054
61 92 1090
61 92 18549
61 100 1917
61 105 1404
61 105 23599
61 108 743
61 108 16067
61 111 184
61 111 5163
61 115 144
61 115 151
61 115 20085
61 117 1960
61 117 26358
61 132 1220
61 132 14155
61 134 2397
61 137 479
61 153 1790
62 36 4113
62 60 1995
62 61 1837
62 63 27
62 63 12735
62 78 563
62 108 1105
62 115 3971
62 115 15504
63 18 216
63 18 2629
63 22 5484
63 24 8630
63 25 1069
63 30 312
63 30 8589
63 34 42
63 34 12081
63 36 22034
63 41 105
63 41 18791
63 42 728
63 42 12762
63 43 134
63 43 6077
63 45 635
63 48 68
63 48 18062
63 49 204
63 49 2216
63 50 240
63 50 14601
63 55 10544
63 57 2935
63 57 14732
63 58 198
63 58 21564
63 60 3577
63 60 18077
63 61 17376
63 62 31
63 62 12892
63 72 72
63 72 1832
63 74 5003
63 75 4247
63 75 723
63 77 3664
63 81 257
63 81 717
63 84 4318
63 85 979
63 87 4093
63 87 10051
63 88 494
63 90 642
63 90 10573
63 92 1811
63 92 27445
63 98 694
63 98 4579
63 100 3561
63 100 7394
63 101 117
63 101 3092
63 103 101
63 103 1385
63 105 4278
63 105 18975
63 106 17669
63 108 257
63 108 15110
63 111 3355
63 117 3631
63 117 15466
63 120 1191
63 120 6582
63 127 2473
63 132 601
63 132 10054
63 134 157
63 134 6590
63 136 1857
63 137 4807
63 140 1844
63 140 4628
63 153 4
63 153 7279
63 159 672
68 115 468
68 115 4393
72 63 658
72 63 2166
72 115 1398
74 24 41
74 36 4442
74 36 5142
74 61 657
74 61 9939
74 63 5313
74 115 4108
74 115 4668
74 117 4303
75 63 4826
75 98 32
76 115 7438
77 61 2890
77 63 3481
78 36 9714
78 60 3814
78 61 148
78 61 5987
78 87 719
78 100 709
81 63 134
81 63 671
81 78 113
81 100 592
81 115 9958
82 36 4181
84 63 4235
84 78 136
84 115 3143
84 115 8792
85 41 2263
85 63 1297
87 24 455
87 36 4541
87 36 7892
87 50 2078
87 61 905
87 61 6411
87 63 4128
87 63 10157
87 78 720
87 78 171
87 115 4897
87 115 6414
88 34 6118
88 36 2232
88 63 620
88 78 17
90 36 493
90 61 7781
90 63 125
90 63 418
90 63 10655
90 115 155
90 115 9141
90 115 22760
92 36 322
92 36 13927
92 41 818
92 42 304
92 48 10386
92 61 1183
92 61 19921
92 63 1293
92 63 33267
92 78 466
92 100 721
92 106 136
92 106 10429
92 115 391
92 115 41306
92 117 3435
92 132 1680
96 36 123
96 36 4854
96 63 40
96 78 164
96 115 964
96 115 4129
98 63 701
98 63 4391
100 24 495
100 36 5180
100 41 8564
100 61 1824
100 63 3736
100 63 8403
100 78 717
100 92 729
100 106 3367
100 107 724
100 115 1843
100 115 4703
101 36 244
101 36 5195
101 55 4431
101 63 268
101 63 3176
101 103 36
101 103 1125
103 36 3959
103 51 1614
103 63 93
103 63 1400
103 101 77
103 101 1206
105 24 509
105 24 435
105 36 685
105 36 14593
105 48 520
105 57 2212
105 59 593
105 59 4992
105 60 797
105 60 13330
105 61 1507
105 61 23399
105 63 4839
105 63 20543
105 72 4
105 78 167
105 115 702
105 115 24726
105 132 3987
105 153 176
105 153 441
106 36 18152
106 41 5172
106 48 6135
106 57 2667
106 58 2456
106 61 17
106 63 140
106 63 20571
106 78 116
106 92 112
106 92 8783
106 100 3038
106 115 80089
106 117 3386
106 132 9710
107 100 735
108 24 505
108 36 1003
108 36 5128
108 41 2641
108 60 7067
108 61 849
108 61 15661
108 62 1285
108 63 359
108 63 16247
108 115 5257
108 117 3071
108 117 5791
111 36 10178
111 60 2530
111 61 173
111 61 4891
111 63 4389
113 34 2940
113 36 1129
113 55 70
113 55 6764
113 60 705
115 30 4353
115 30 4838
115 36 32352
115 41 29703
115 42 8930
115 45 1024
115 45 1391
115 48 7
115 48 20586
115 49 3050
115 53 3371
115 53 4226
115 57 6319
115 57 5193
115 58 4202
115 58 19838
115 60 1171
115 60 5137
115 61 20067
115 62 4371
115 62 16949
115 68 413
115 68 3908
115 72 1231
115 74 4271
115 74 4867
115 76 6899
115 81 8823
115 84 3580
115 84 8071
115 87 4194
115 87 6036
115 90 8161
115 90 20797
115 92 28
115 92 38355
115 96 1112
115 96 4119
115 100 1577
115 100 4401
115 105 789
115 105 23996
115 106 165
115 106 69423
115 108 3883
115 117 3977
115 117 24148
115 127 507
115 127 11700
115 132 582
115 132 11715
115 133 2491
117 21 440
117 23 558
117 24 453
117 24 549
117 36 12485
117 41 736
117 41 4241
117 48 3010
117 50 397
117 57 4750
117 60 160
117 60 12673
117 61 1749
117 61 24964
117 63 3797
117 63 17692
117 74 4479
117 78 156
117 92 3249
117 106 3517
117 108 2410
117 108 5167
117 115 4024
117 115 24670
117 132 1541
117 132 4161
120 36 374
120 36 13194
120 60 3382
120 63 1237
120 63 7499
120 115 78
127 41 98
127 63 2527
127 115 140
127 115 542
127 115 11617
132 41 137
132 61 1327
132 61 14731
132 63 750
132 63 12085
132 78 142
132 92 1619
132 105 3845
132 106 10745
132 115 550
132 115 12866
132 117 1480
132 117 4441
133 115 2786
134 61 2433
134 63 176
134 63 8775
136 63 1547
137 61 620
137 63 5873
140 41 145
140 63 1838
140 63 4436
141 34 885
153 58 359
153 58 762
153 61 2174
153 63 8642
153 105 652
159 63 677
9 36 3678
9 60 3462
10 36 3710
10 60 3458
18 63 2335
21 58 255
21 61 139
21 61 2613
21 117 553
22 63 5477
23 58 65
23 60 256
23 61 3118
23 117 270
24 36 3316
24 55 217
24 58 440
24 58 4211
24 60 613
24 61 135
24 61 8262
24 63 70
24 63 8197
24 74 57
24 87 544
24 100 297
24 105 455
24 105 645
24 108 557
24 117 297
24 117 591
25 61 253
25 63 841
30 61 7150
30 63 9421
30 115 596
30 115 4754
34 36 10750
34 41 6
34 41 173
34 44 1
34 44 665
34 55 2272
34 60 204
34 60 4788
34 61 3908
34 63 9602
34 78 161
34 82 521
34 88 5078
34 113 1504
34 141 805
36 9 3188
36 10 2901
36 24 3740
36 34 9898
36 37 339
36 37 4151
36 41 43
36 41 10395
36 48 367
36 48 6216
36 50 35
36 50 7258
36 51 968
36 55 10321
36 57 1319
36 58 195
36 60 7
36 60 9384
36 61 12175
36 62 2632
36 63 17074
36 74 335
36 74 4084
36 78 118
36 78 8936
36 82 1283
36 87 315
36 87 6160
36 88 1994
36 92 10891
36 96 105
36 96 6596
36 100 4437
36 101 4312
36 103 3689
36 105 150
36 105 10200
36 106 8711
36 106 9164
36 108 312
36 108 4708
36 111 7132
36 113 731
36 115 32397
36 117 665
36 117 7874
36 120 92
36 120 8327
37 36 365
37 36 4288
41 34 68
41 36 10009
41 44 76
41 44 1357
41 60 323
41 61 9369
41 63 176
41 63 15932
41 85 1901
41 100 5647
41 106 7405
41 108 195
41 115 26128
41 117 196
41 117 3191
41 153 67
42 61 53
42 63 6168
42 115 6299
43 63 28
43 63 6714
44 34 825
44 41 287
44 41 1527
44 61 151
45 63 343
45 115 57
45 115 1239
48 36 540
48 36 6297
48 50 133
48 57 259
48 57 2447
48 61 11236
48 63 14190
48 84 1645
48 92 8432
48 105 102
48 106 5063
48 115 23859
48 117 436
49 63 1764
49 78 99
49 115 5474
50 36 13
50 36 7367
50 48 185
50 60 380
50 63 8751
50 117 361
51 36 1190
51 103 1519
53 115 287
53 115 6507
55 24 421
55 34 1921
55 36 9733
55 55 120
55 60 6928
55 61 5214
55 63 140
55 63 7290
55 101 3180
55 103 98
55 103 3244
55 113 3216
57 36 1082
57 48 491
57 48 2255
57 60 1002
57 61 173
57 61 10471
57 63 633
57 63 13742
57 105 1337
57 106 3328
57 115 671
57 115 4243
57 117 2096
58 21 605
58 23 125
58 24 233
58 24 4543
58 36 315
58 61 381
58 61 9926
58 63 108
58 63 20532
58 106 240
58 115 684
58 115 18728
58 153 276
59 105 4769
60 9 2785
60 10 3065
60 23 284
60 24 623
60 34 4919
60 36 73
60 36 10413
60 41 443
60 41 528
60 50 574
60 55 8246
60 57 1184
60 61 14537
60 62 122
60 63 466
60 63 17867
60 78 172
60 105 109
60 105 8715
60 108 5318
60 111 823
60 113 199
60 115 505
60 115 4952
60 117 174
60 117 9063
60 120 1142
61 21 2739
61 23 3427
61 24 175
61 24 9270
61 25 267
61 30 6163
61 34 3565
61 36 232
61 36 11457
61 41 62
61 41 2056
61 41 7223
61 42 103
61 44 238
61 48 11699
61 55 5376
61 57 186
61 57 10659
61 58 631
61 58 10492
61 60 12711
61 63 14971
61 74 173
61 74 6854
61 78 5807
61 87 294
61 87 4591
61 90 5387
61 92 1481
61 92 13781
61 100 339
61 105 330
61 105 17815
61 108 162
61 108 8700
61 111 3072
61 115 174
61 115 122
61 115 17128
61 117 618
61 117 17290
61 118 146
61 132 218
61 132 8583
61 134 2406
61 153 1699
62 36 2711
62 60 103
62 63 10052
62 115 345
62 115 12838
63 18 2149
63 22 5878
63 24 152
63 24 9790
63 25 1266
63 30 7859
63 34 8132
63 36 16301
63 41 15508
63 42 7627
63 43 180
63 43 6837
63 45 254
63 48 313
63 48 15294
63 49 1895
63 50 9662
63 53 113
63 55 7393
63 57 685
63 57 14437
63 58 82
63 58 126
63 58 19597
63 60 201
63 60 14261
63 61 89
63 61 15424
63 62 9175
63 72 1535
63 74 3621
63 75 234
63 75 3692
63 77 2857
63 81 3823
63 84 6089
63 85 625
63 87 1189
63 87 9106
63 88 347
63 90 106
63 90 137
63 90 10480
63 92 736
63 92 21431
63 98 293
63 98 3518
63 100 2862
63 100 6746
63 101 2614
63 103 2182
63 105 647
63 105 16770
63 106 10394
63 108 12108
63 111 2857
63 117 2200
63 117 15217
63 118 331
63 120 165
63 120 4925
63 127 2068
63 132 8855
63 134 154
63 134 7885
63 136 1253
63 137 5184
63 140 840
63 140 3934
63 153 7439
63 159 668
68 115 111
68 115 4084
72 63 1873
72 115 136
74 24 46
74 36 358
74 36 5020
74 61 181
74 61 8193
74 63 4140
74 115 730
74 115 4721
74 117 2244
75 63 162
75 63 4449
76 115 6694
77 61 66
77 63 3149
78 36 9
78 36 8048
78 61 5766
78 87 685
78 100 548
78 117 91
81 63 3708
81 115 11390
82 34 314
82 36 1482
84 48 1186
84 63 5799
84 78 121
84 115 196
84 115 8191
85 41 1803
85 63 745
87 24 575
87 36 367
87 36 7562
87 61 363
87 61 4793
87 63 1197
87 63 10127
87 78 721
87 115 548
87 115 6237
88 34 5086
88 36 2023
88 63 448
88 78 24
90 61 4798
90 63 121
90 63 9097
90 78 317
90 115 758
90 115 19963
92 36 9852
92 48 57
92 48 8418
92 61 353
92 61 13700
92 63 169
92 63 21633
92 100 736
92 106 8464
92 115 135
92 115 33865
92 117 554
92 132 234
96 36 63
96 36 6548
96 115 247
96 115 3021
98 63 294
98 63 3834
100 24 301
100 36 4918
100 41 5984
100 61 346
100 63 3432
100 63 7905
100 78 730
100 92 734
100 106 3149
100 107 720
100 115 322
100 115 4765
101 36 4140
101 55 2818
101 63 34
101 63 2606
101 101 2
101 103 1256
103 36 232
103 36 3183
103 51 1663
103 55 106
103 55 923
103 63 31
103 63 1787
103 101 7
103 101 1206
105 24 489
105 24 619
105 36 181
105 36 11882
105 48 143
105 57 1609
105 59 108
105 59 4502
105 60 117
105 60 8076
105 61 364
105 61 19524
105 63 741
105 63 19216
105 115 356
105 115 22945
105 132 680
105 153 597
106 36 7796
106 36 8858
106 41 8493
106 48 4775
106 57 3062
106 58 129
106 63 10187
106 78 158
106 92 7498
106 100 2564
106 115 236
106 115 75806
106 117 600
106 132 8639
107 100 721
108 24 476
108 36 321
108 36 5088
108 41 363
108 60 5614
108 61 180
108 61 9310
108 63 13718
108 115 709
108 117 291
108 117 2473
111 36 7809
111 60 780
111 61 3435
111 63 3126
113 34 108
113 34 1597
113 36 796
113 55 3888
113 60 31
113 60 339
115 30 394
115 30 3802
115 36 31405
115 41 27624
115 42 6512
115 45 41
115 45 1153
115 48 24748
115 49 5801
115 53 305
115 53 6525
115 57 690
115 57 4746
115 58 647
115 58 19790
115 60 329
115 60 4110
115 61 18816
115 62 339
115 62 11976
115 68 109
115 68 3714
115 72 113
115 74 538
115 74 4143
115 76 6691
115 81 11410
115 84 237
115 84 8227
115 87 376
115 87 5557
115 90 696
115 90 19868
115 92 37564
115 96 288
115 96 2797
115 100 312
115 100 4157
115 105 129
115 105 21045
115 106 75310
115 108 426
115 117 524
115 117 23852
115 127 130
115 127 13102
115 132 172
115 132 10675
115 133 2930
117 21 651
117 23 322
117 24 308
117 24 648
117 36 422
117 36 8497
117 41 462
117 41 3961
117 48 455
117 48 94
117 50 408
117 57 3035
117 60 93
117 60 8247
117 61 235
117 61 19153
117 63 2754
117 63 16105
117 74 1768
117 78 161
117 78 157
117 92 554
117 106 540
117 108 252
117 108 2009
117 115 582
117 115 22926
117 132 4443
118 61 166
118 63 338
120 36 20
120 36 9720
120 60 1455
120 63 181
120 63 5911
127 63 2305
127 78 139
127 115 123
127 115 12447
132 41 64
132 61 166
132 61 8376
132 63 8699
132 92 323
132 105 257
132 106 9363
132 115 157
132 115 10479
132 117 174
132 117 4094
133 115 3114
134 61 2234
134 63 7203
136 63 1318
137 63 4490
140 63 412
140 63 3023
141 34 713
153 41 70
153 58 285
153 61 1621
153 63 41
153 63 6812
153 105 536
159 63 670
9 36 85
9 36 4063
9 60 151
9 60 1277
10 36 3882
10 60 27
10 60 1007
18 63 2432
21 61 3426
21 117 735
22 63 2646
23 61 3857
24 36 3729
24 55 369
24 58 3513
24 60 689
24 61 148
24 61 9471
24 63 14232
24 74 95
24 87 633
24 105 817
24 108 124
24 108 790
24 117 678
25 63 1315
30 61 6667
30 63 9560
30 115 4354
34 36 10471
34 41 153
34 44 947
34 55 2039
34 60 274
34 60 4449
34 61 2987
34 63 7775
34 82 670
34 88 59
34 88 4714
34 113 1576
34 141 791
36 9 65
36 9 3349
36 10 3580
36 24 4020
36 34 10556
36 37 3926
36 41 310
36 41 10930
36 48 167
36 48 6759
36 50 107
36 50 8591
36 51 1164
36 55 10426
36 57 1345
36 60 11331
36 61 472
36 61 12641
36 62 2804
36 63 28
36 63 16967
36 74 4506
36 78 9925
36 82 1035
36 87 459
36 87 8594
36 88 1282
36 92 122
36 92 10223
36 96 151
36 96 6907
36 100 99
36 100 4682
36 101 3334
36 103 3246
36 105 548
36 105 10349
36 106 21723
36 108 174
36 108 4385
36 111 170
36 111 7744
36 113 773
36 115 32721
36 117 750
36 117 9102
36 120 8202
37 36 4404
41 34 34
41 36 174
41 36 11994
41 44 1907
41 60 446
41 61 71
41 61 11337
41 63 15268
41 78 165
41 85 1809
41 100 5805
41 105 113
41 106 7642
41 108 172
41 115 28633
41 117 882
41 117 3771
41 132 35
41 153 67
42 63 8463
42 115 6594
43 50 37
43 63 165
43 63 5949
44 34 842
44 41 1598
44 61 162
45 63 730
45 115 1244
48 36 6900
48 57 296
48 57 2490
48 61 362
48 61 11140
48 63 47
48 63 14981
48 78 162
48 84 1629
48 92 8085
48 106 5176
48 115 175
48 115 24959
48 117 229
49 63 1623
49 115 5638
50 36 9166
50 60 125
50 61 326
50 63 8798
51 36 1202
51 103 1706
53 115 7606
55 24 652
55 34 1795
55 36 9596
55 60 6369
55 61 5459
55 63 7456
55 101 1944
55 103 2929
55 113 2853
57 36 981
57 48 173
57 48 3001
57 61 569
57 61 11430
57 63 620
57 63 14700
57 105 580
57 106 669
57 115 261
57 115 4721
57 117 312
58 24 3626
58 61 965
58 61 10299
58 63 274
58 63 23302
58 78 163
58 115 230
58 115 20884
59 105 419
59 105 4735
60 9 1287
60 10 54
60 10 920
60 24 718
60 34 184
60 34 5174
60 36 10979
60 41 560
60 41 388
60 50 143
60 55 7069
60 61 184
60 61 13830
60 63 15877
60 105 161
60 105 8585
60 108 5194
60 111 1268
60 113 172
60 115 325
60 115 5030
60 117 329
60 117 8789
60 120 1122
61 21 3536
61 23 3972
61 24 10078
61 30 6878
61 34 3391
61 36 433
61 36 12701
61 41 2602
61 41 8152
61 44 205
61 48 311
61 48 10680
61 50 331
61 55 5448
61 57 840
61 57 11338
61 58 614
61 58 10262
61 60 371
61 60 13411
61 62 446
61 63 361
61 63 340
61 63 15837
61 74 8175
61 78 5230
61 87 357
61 87 5370
61 90 186
61 90 6003
61 92 1062
61 92 13892
61 105 17088
61 108 285
61 108 8685
61 111 2411
61 115 135
61 115 413
61 115 18242
61 117 882
61 117 19028
61 118 252
61 132 168
61 132 9709
61 134 2498
61 153 1631
62 36 2941
62 61 435
62 63 8411
62 78 169
62 115 12975
62 117 95
63 18 2240
63 22 129
63 22 2712
63 24 325
63 24 59
63 24 14951
63 25 1382
63 30 8001
63 34 7329
63 36 17
63 36 17105
63 41 15186
63 42 8617
63 43 110
63 43 5463
63 45 710
63 48 129
63 48 15333
63 49 1515
63 50 8910
63 53 105
63 55 7773
63 57 1001
63 57 15083
63 58 824
63 58 21649
63 60 15544
63 61 16124
63 62 8002
63 72 56
63 72 138
63 72 1966
63 74 413
63 74 3995
63 75 3747
63 77 3446
63 81 3937
63 84 6723
63 85 697
63 87 1260
63 87 10018
63 88 401
63 90 9682
63 92 575
63 92 20296
63 98 3637
63 100 3074
63 100 7130
63 101 2706
63 103 1291
63 105 896
63 105 17597
63 106 11889
63 108 83
63 108 13320
63 111 2693
63 116 45
63 117 1268
63 117 14905
63 118 731
63 120 135
63 120 5543
63 127 1866
63 132 136
63 132 8846
63 134 7571
63 136 1345
63 137 131
63 137 3168
63 139 72
63 140 3839
63 153 6457
63 154 176
63 159 838
68 115 4306
72 63 280
72 63 2009
72 115 14
74 24 50
74 36 4545
74 61 160
74 61 7822
74 63 376
74 63 3944
74 115 4443
74 117 2406
75 63 3858
76 115 7256
77 63 3239
78 36 8684
78 61 4578
78 87 805
78 117 215
78 118 339
81 63 3781
81 78 145
81 115 10479
82 34 686
82 36 1194
84 48 1721
84 63 6852
84 115 9687
85 41 1672
85 63 49
85 63 947
87 24 717
87 36 2408
87 36 7214
87 61 293
87 61 4939
87 63 3325
87 63 8318
87 78 767
87 78 331
87 108 5
87 115 287
87 115 6187
88 34 38
88 34 4312
88 36 1538
88 41 50
88 63 284
90 61 44
90 61 5771
90 63 107
90 63 10031
90 115 20015
92 36 10253
92 48 7448
92 61 776
92 61 13778
92 63 272
92 63 21355
92 78 141
92 100 894
92 106 123
92 106 8214
92 115 35064
92 117 260
96 36 7276
96 115 276
96 115 2764
98 63 3532
100 36 4834
100 41 5691
100 61 142
100 63 3533
100 63 7747
100 78 910
100 92 892
100 106 363
100 107 908
100 115 4880
101 36 3147
101 55 2043
101 63 2554
101 101 3
101 103 113
101 103 1170
103 36 2731
103 51 1672
103 55 2535
103 63 1411
103 101 1210
105 24 760
105 36 617
105 36 11261
105 41 143
105 57 645
105 59 113
105 59 500
105 59 4471
105 60 118
105 60 9354
105 61 18669
105 63 852
105 63 19007
105 115 24078
105 153 671
106 36 20838
106 41 7954
106 48 4913
106 57 420
106 63 11151
106 78 129
106 92 228
106 92 7956
106 100 456
106 115 415
106 115 292
106 115 80499
106 132 9286
107 100 905
108 24 302
108 24 160
108 36 126
108 36 4789
108 41 170
108 57 101
108 60 5891
108 61 180
108 61 9451
108 63 174
108 63 13552
108 87 11
108 117 2180
111 36 57
111 36 8394
111 60 1223
111 61 2564
111 63 2518
113 34 173
113 34 1446
113 36 817
113 55 3634
113 60 216
115 30 4670
115 36 33029
115 41 27930
115 42 6239
115 45 1217
115 48 25309
115 49 5701
115 53 7360
115 57 325
115 57 4915
115 58 252
115 58 19467
115 60 274
115 60 4773
115 61 19537
115 62 12810
115 68 4257
115 72 158
115 74 4438
115 76 6947
115 81 10595
115 84 9135
115 87 344
115 87 6208
115 90 19997
115 92 36301
115 96 268
115 96 2674
115 100 4953
115 105 22994
115 106 74981
115 117 307
115 117 24078
115 127 13794
115 132 10453
115 133 3229
116 63 60
117 21 774
117 24 807
117 36 815
117 36 10017
117 41 808
117 41 4396
117 48 378
117 57 335
117 60 404
117 60 9581
117 61 776
117 61 20770
117 62 75
117 63 1624
117 63 16543
117 74 2418
117 78 214
117 78 170
117 92 463
117 106 145
117 108 2780
117 115 288
117 115 24035
117 132 624
117 132 4848
118 61 324
118 63 861
118 78 343
120 36 8687
120 60 1201
120 63 96
120 63 5186
127 63 2004
127 115 80
127 115 13539
132 61 133
132 61 10202
132 63 75
132 63 9119
132 106 9693
132 115 10843
132 117 304
132 117 4528
133 115 3512
134 61 2317
134 63 7494
136 63 1447
137 63 28
137 63 3548
139 63 71
140 63 3647
141 34 719
153 41 70
153 61 1849
153 63 7220
153 105 690
154 63 176
159 63 827
9 36 91
9 36 3937
9 60 181
10 36 4110
18 63 1310
21 61 149
21 61 2652
21 117 410
23 61 166
23 61 2638
24 36 3588
24 55 307
24 58 2826
24 60 485
24 61 8463
24 63 60
24 63 17047
24 74 51
24 87 523
24 105 618
24 108 561
24 117 571
25 63 1202
30 36 1485
30 61 6634
30 63 150
30 63 9072
30 115 4813
34 36 10485
34 41 145
34 44 1004
34 55 1702
34 60 5083
34 61 3018
34 63 10860
34 82 47
34 88 946
34 88 2337
34 113 1838
34 141 737
36 9 183
36 9 4505
36 10 4060
36 24 3649
36 30 1400
36 34 9942
36 37 3575
36 41 163
36 41 11614
36 48 7406
36 50 214
36 50 8656
36 51 879
36 55 6963
36 57 446
36 60 134
36 60 11257
36 61 249
36 61 12754
36 62 3543
36 63 702
36 63 18472
36 74 4560
36 78 9513
36 82 1784
36 87 825
36 87 6871
36 92 1039
36 92 11710
36 96 9923
36 100 3853
36 101 3069
36 103 3246
36 105 9277
36 106 23437
36 108 2481
36 111 159
36 111 6994
36 113 468
36 115 106
36 115 120
36 115 35968
36 117 8844
36 120 9591
37 36 4421
37 62 123
41 34 97
41 36 203
41 36 11727
41 41 200
41 44 1884
41 61 123
41 61 760
41 61 9424
41 63 374
41 63 17172
41 78 114
41 100 3782
41 106 7208
41 115 29345
41 117 3418
41 137 64
42 63 262
42 63 10408
42 115 7037
43 63 6276
44 34 906
44 41 1999
44 61 133
45 63 546
45 115 1014
48 36 7181
48 41 146
48 57 1150
48 61 10007
48 63 16694
48 84 280
48 92 224
48 92 6196
48 106 6547
48 115 25960
49 63 1525
49 115 4452
50 36 277
50 36 8576
50 63 11413
51 36 874
51 103 1215
53 115 6937
55 24 351
55 34 1753
55 36 64
55 36 7132
55 60 7151
55 61 3828
55 63 8736
55 101 253
55 103 1387
55 113 1804
57 36 316
57 48 1357
57 61 343
57 61 10823
57 63 672
57 63 15019
57 78 119
57 115 4547
58 24 3233
58 61 134
58 61 9003
58 63 348
58 63 22162
58 115 18534
59 105 72
59 105 4153
60 9 64
60 24 581
60 34 5094
60 36 1101
60 36 10281
60 41 347
60 55 6838
60 61 13185
60 63 159
60 63 16499
60 105 76
60 105 10617
60 108 5539
60 111 1900
60 113 212
60 115 224
60 115 4565
60 117 7890
60 120 1169
61 21 170
61 21 2576
61 23 2730
61 24 8658
61 30 6387
61 34 3061
61 36 389
61 36 12810
61 41 2497
61 41 6436
61 44 244
61 48 222
61 48 8864
61 55 136
61 55 3586
61 57 364
61 57 10441
61 58 178
61 58 8900
61 60 501
61 60 13044
61 63 699
61 63 16376
61 74 6504
61 78 35
61 78 5197
61 87 4737
61 90 290
61 90 5852
61 92 1662
61 92 12258
61 105 138
61 105 16741
61 108 807
61 108 7839
61 111 2712
61 115 148
61 115 19335
61 117 136
61 117 17308
61 132 184
61 132 9574
61 134 1869
61 136 65
61 153 352
61 153 1649
62 36 3228
62 48 78
62 63 498
62 63 9571
62 115 14072
63 18 1315
63 24 18029
63 25 1218
63 30 139
63 30 8662
63 34 10523
63 36 380
63 36 19003
63 41 111
63 41 16036
63 42 295
63 42 10471
63 43 6116
63 45 495
63 48 15888
63 49 1382
63 50 11225
63 55 8763
63 57 673
63 57 15020
63 58 358
63 58 21141
63 60 290
63 60 17263
63 61 527
63 61 16301
63 62 552
63 62 9508
63 72 1571
63 74 122
63 74 4891
63 75 4695
63 77 3392
63 81 4411
63 84 6740
63 85 2532
63 87 780
63 87 10224
63 88 360
63 90 121
63 90 10777
63 92 605
63 92 23628
63 98 3913
63 100 2594
63 100 7559
63 101 3001
63 103 996
63 105 731
63 105 19438
63 106 10588
63 108 299
63 108 13802
63 111 3207
63 117 686
63 117 15256
63 118 135
63 120 7328
63 132 390
63 132 9947
63 134 6465
63 136 1387
63 137 74
63 137 3157
63 140 3421
63 150 68
63 153 5865
63 159 171
68 63 117
68 115 4019
72 63 1588
74 24 24
74 36 4818
74 61 6559
74 63 130
74 63 4488
74 115 4868
74 117 1629
75 63 4449
76 78 137
76 115 5661
77 63 3081
78 36 85
78 36 9088
78 61 4
78 61 5382
78 87 389
78 100 682
81 63 4158
81 115 10663
82 34 29
82 36 1799
84 48 265
84 63 93
84 63 6582
84 115 9622
85 63 2521
87 24 589
87 36 3134
87 36 5376
87 61 4267
87 63 4965
87 63 6067
87 78 738
87 78 158
87 115 5427
88 34 147
88 34 1028
88 34 2267
88 63 334
90 48 98
90 61 320
90 61 5388
90 63 105
90 63 10619
90 115 18531
92 36 368
92 36 11484
92 48 103
92 48 6041
92 61 260
92 61 13943
92 63 355
92 63 24318
92 100 710
92 106 9256
92 115 308
92 115 35182
96 36 3246
96 36 6376
98 63 3750
100 36 4215
100 41 4105
100 63 2609
100 63 7934
100 78 684
100 92 713
100 107 731
100 115 4356
100 153 176
101 36 3047
101 55 220
101 63 2840
101 103 702
103 36 3154
103 51 1338
103 55 1266
103 63 890
103 101 83
103 101 684
105 24 616
105 36 9395
105 59 105
105 59 4167
105 60 123
105 60 10792
105 61 115
105 61 17339
105 63 442
105 63 20679
105 115 21191
105 132 159
105 153 384
106 36 22905
106 41 7454
106 48 6858
106 63 11749
106 78 317
106 92 9076
106 115 78559
106 132 102
106 132 11074
107 100 737
108 24 672
108 36 2593
108 60 5831
108 61 8949
108 63 235
108 63 14411
108 117 1169
111 36 124
111 36 7262
111 60 1731
111 61 2605
111 63 3068
113 34 1849
113 34 155
113 36 559
113 55 1932
113 60 34
115 30 4811
115 36 152
115 36 34966
115 41 30105
115 42 7187
115 45 1101
115 48 25581
115 49 4714
115 53 6999
115 57 5051
115 58 19152
115 60 4511
115 61 20587
115 62 13327
115 63 13
115 68 4067
115 74 4619
115 76 5575
115 81 10520
115 84 9428
115 87 5528
115 90 18768
115 92 129
115 92 35650
115 100 4248
115 105 21174
115 106 76650
115 117 22977
115 127 14867
115 132 11137
115 133 3496
117 21 490
117 24 629
117 36 8139
117 41 112
117 41 4431
117 60 8443
117 61 484
117 61 16775
117 63 641
117 63 16003
117 74 1516
117 108 1211
117 115 22494
117 132 2973
117 153 704
118 63 145
120 36 9261
120 60 1359
120 63 6227
120 78 100
127 63 154
127 115 14767
132 61 17
132 61 68
132 61 10242
132 63 443
132 63 9946
132 78 148
132 106 113
132 106 10801
132 115 11578
132 117 3328
133 78 132
133 115 3500
134 61 1839
134 63 6555
136 61 68
136 63 1251
137 41 65
137 63 87
137 63 3513
140 63 3525
141 34 735
150 63 74
153 61 352
153 61 1596
153 63 6287
153 100 176
153 105 450
153 117 704
159 63 171
9 36 4994
9 60 48
9 60 752
10 36 4711
18 63 1509
21 61 2659
23 61 152
23 61 2507
24 36 77
24 36 3619
24 55 224
24 58 2647
24 60 496
24 61 197
24 61 7399
24 63 242
24 63 16341
24 74 59
24 87 417
24 105 608
24 108 528
24 117 456
25 63 1374
30 36 2685
30 61 7605
30 63 9062
30 115 4976
34 36 3455
34 36 7224
34 41 16
34 44 854
34 55 876
34 60 5860
34 61 4145
34 63 10722
34 82 551
34 88 2066
34 88 2412
34 113 130
34 113 2258
34 141 784
36 9 4230
36 10 4435
36 24 4048
36 30 2827
36 34 3704
36 34 6824
36 37 3825
36 41 12275
36 48 8030
36 50 10846
36 51 855
36 55 7252
36 57 413
36 60 11964
36 61 12600
36 62 3979
36 63 185
36 63 19086
36 74 5122
36 78 11580
36 82 2190
36 87 1174
36 87 6871
36 92 624
36 92 11777
36 96 11649
36 100 4121
36 101 82
36 101 4521
36 103 3465
36 105 10274
36 106 25346
36 108 3702
36 111 8455
36 113 643
36 115 41040
36 117 9597
36 120 9862
37 36 5013
41 34 22
41 36 12228
41 44 655
41 44 954
41 61 1827
41 61 8075
41 63 14575
41 82 23
41 100 2924
41 106 7703
41 115 32260
41 117 3426
42 63 8863
42 115 7997
43 58 488
43 63 231
43 63 6423
44 34 852
44 41 765
44 41 1176
44 61 104
44 61 73
45 63 486
45 115 92
45 115 2029
48 36 8187
48 57 1005
48 61 10191
48 63 149
48 63 16271
48 92 7638
48 106 6968
48 115 27274
49 63 1850
49 115 3843
50 36 10726
50 63 11335
51 36 973
51 103 1086
53 115 8194
55 24 352
55 34 958
55 36 7614
55 60 7150
55 61 4901
55 63 7969
55 103 933
55 113 1732
57 36 246
57 48 835
57 61 10176
57 63 14116
57 115 4551
58 24 3087
58 43 585
58 61 8808
58 63 20859
58 115 20014
59 105 4457
60 9 127
60 9 827
60 24 514
60 34 3200
60 34 2665
60 36 668
60 36 10644
60 41 267
60 55 7100
60 61 14878
60 63 17036
60 105 13509
60 108 6244
60 111 1680
60 113 77
60 115 5354
60 117 759
60 117 8486
60 120 243
60 120 1145
61 21 2960
61 23 151
61 23 2579
61 24 234
61 24 8286
61 30 7252
61 34 4102
61 36 12561
61 41 3471
61 41 5831
61 44 71
61 44 251
61 48 9994
61 55 4955
61 57 9584
61 58 8660
61 60 690
61 60 14489
61 63 15052
61 74 6628
61 78 5864
61 82 111
61 87 4908
61 90 5670
61 92 1524
61 92 15526
61 105 18488
61 108 675
61 108 7790
61 111 2896
61 115 19764
61 117 20445
61 132 10398
61 134 1827
61 153 1650
62 36 4211
62 61 38
62 63 10072
62 115 17286
63 18 1505
63 24 689
63 24 16383
63 25 1379
63 30 8975
63 34 10562
63 36 20005
63 41 13609
63 42 9349
63 43 582
63 43 6369
63 45 537
63 48 232
63 48 15887
63 49 1893
63 50 11479
63 55 7720
63 57 14611
63 58 20135
63 60 17262
63 61 14561
63 62 9894
63 63 21
63 72 1949
63 74 5346
63 75 5264
63 77 3393
63 81 4231
63 84 7512
63 85 2326
63 87 466
63 87 10193
63 88 269
63 90 9820
63 92 164
63 92 25222
63 98 4257
63 100 1671
63 100 7678
63 101 393
63 103 205
63 105 18313
63 106 9424
63 108 13957
63 111 59
63 111 4157
63 117 15307
63 120 6853
63 132 8720
63 134 7019
63 136 1169
63 137 2864
63 140 3454
63 153 6259
68 115 4135
72 63 1968
74 24 25
74 36 4931
74 61 6483
74 63 114
74 63 4790
74 115 5040
74 117 1275
75 63 4989
76 115 6494
77 63 3315
78 36 11179
78 61 6088
78 87 459
78 100 734
78 106 47
81 63 70
81 63 3775
81 115 11205
82 34 27
82 34 514
82 36 2169
84 63 7369
84 115 11454
85 63 2253
87 24 537
87 36 1689
87 36 6708
87 61 4672
87 63 3185
87 63 7770
87 78 465
87 115 5603
88 34 2034
88 34 2336
88 63 393
90 61 5638
90 63 9650
90 115 20676
92 36 13044
92 48 7104
92 61 17504
92 63 122
92 63 26124
92 100 713
92 106 10031
92 115 100
92 115 39613
96 36 3899
96 36 7485
98 63 4051
100 36 3875
100 41 3034
100 63 1681
100 63 7747
100 78 741
100 92 717
100 107 738
100 115 4425
101 36 99
101 36 4611
101 63 555
101 103 62
103 36 3517
103 51 1173
103 55 864
103 63 206
103 101 134
105 24 517
105 36 10227
105 59 4388
105 60 13294
105 61 18131
105 63 19001
105 115 23354
105 153 559
106 36 25110
106 41 8286
106 48 6933
106 63 9559
106 78 93
106 92 9923
106 115 37
106 115 88201
106 132 10872
107 100 731
108 24 620
108 36 3810
108 60 6571
108 61 8702
108 63 13895
108 117 1190
111 36 59
111 36 8613
111 60 1402
111 61 2779
111 63 3614
113 34 2479
113 36 598
113 55 1809
115 30 5040
115 36 173
115 36 39789
115 41 140
115 41 32868
115 42 7554
115 45 2124
115 48 27627
115 49 3749
115 53 8056
115 57 4609
115 58 18727
115 60 4865
115 61 19486
115 62 16448
115 68 4056
115 74 4897
115 76 6210
115 81 11133
115 84 11097
115 87 5139
115 90 20933
115 92 27
115 92 39851
115 100 4142
115 105 23516
115 106 92
115 106 83246
115 117 23848
115 127 15399
115 132 11781
115 133 3777
117 24 547
117 36 14
117 36 8926
117 41 4368
117 60 754
117 60 8774
117 61 815
117 61 19682
117 63 15644
117 74 1203
117 78 171
117 108 1365
117 115 1094
117 115 21602
117 132 2455
120 36 182
120 36 63
120 36 10121
120 60 120
120 60 1102
120 63 6459
127 115 16068
132 61 87
132 61 17
132 61 10211
132 63 8093
132 106 88
132 106 10645
132 115 11578
132 117 2295
133 115 3940
134 61 1844
134 63 6385
136 63 1125
137 63 3243
140 63 3437
141 34 642
153 61 1536
153 63 6480
153 105 522
9 36 3938
9 60 1004
10 36 4211
10 60 544
18 63 2173
20 36 7
21 61 411
21 61 2256
23 61 2533
24 36 3473
24 55 321
24 58 3034
24 60 668
24 61 546
24 61 7254
24 63 310
24 63 16206
24 74 108
24 87 484
24 105 644
24 108 631
24 117 165
24 117 619
25 63 1384
30 36 2718
30 61 6804
30 63 8712
30 100 291
30 115 328
30 115 4561
34 36 788
34 36 8974
34 41 62
34 44 777
34 55 104
34 55 174
34 55 1743
34 60 6256
34 61 4231
34 63 12245
34 82 645
34 88 2026
34 88 2271
34 113 2509
34 141 871
36 9 4192
36 10 4242
36 20 295
36 24 4229
36 30 2536
36 34 808
36 34 8576
36 37 4039
36 41 114
36 41 12177
36 48 8055
36 50 225
36 50 8174
36 51 1199
36 55 7321
36 57 359
36 60 304
36 60 12323
36 61 99
36 61 12434
36 62 133
36 62 3708
36 63 249
36 63 18888
36 74 5105
36 78 10993
36 82 2536
36 87 1503
36 87 6549
36 92 587
36 92 12381
36 96 10973
36 100 5
36 100 4454
36 101 4865
36 103 5923
36 105 50
36 105 9512
36 106 24026
36 108 84
36 108 3374
36 111 121
36 111 8849
36 113 807
36 115 125
36 115 37883
36 117 687
36 117 10182
36 120 9435
37 36 124
37 36 4763
41 34 72
41 36 12167
41 44 110
41 44 1337
41 61 876
41 61 9935
41 63 199
41 63 17437
41 78 13
41 92 489
41 100 2588
41 106 8396
41 115 487
41 115 28039
41 117 459
41 117 3761
41 140 67
42 63 10644
42 115 7253
43 58 1074
43 63 179
43 63 7398
44 34 822
44 41 103
44 41 1613
44 61 11
44 61 93
45 63 609
45 115 2628
48 36 7919
48 57 131
48 57 1353
48 61 11982
48 63 67
48 63 16891
48 84 260
48 92 129
48 92 8139
48 106 7090
48 115 24127
49 63 1905
49 115 5473
50 36 256
50 36 8161
50 63 150
50 63 12167
50 115 160
51 36 1055
51 103 1315
53 115 10332
55 24 542
55 34 184
55 34 2136
55 36 141
55 36 7929
55 60 7634
55 61 5116
55 63 139
55 63 8996
55 100 185
55 101 353
55 103 1257
55 113 213
55 113 2691
55 157 1388
57 36 449
57 48 131
57 48 1273
57 61 287
57 61 9929
57 63 540
57 63 12814
57 115 366
57 115 4685
58 24 3076
58 43 1027
58 61 284
58 61 8570
58 63 305
58 63 21229
58 115 18659
59 105 203
59 105 4143
60 9 1725
60 10 819
60 24 657
60 34 387
60 34 5417
60 36 602
60 36 10202
60 41 221
60 55 6992
60 61 339
60 61 13886
60 63 169
60 63 16775
60 105 78
60 105 11987
60 108 5726
60 111 2599
60 113 222
60 115 5670
60 117 1312
60 117 7811
60 120 1355
61 21 479
61 21 2229
61 23 2494
61 24 484
61 24 7847
61 30 7010
61 34 4059
61 36 452
61 36 12193
61 41 2885
61 41 7185
61 44 14
61 44 195
61 48 11294
61 55 131
61 55 4821
61 57 252
61 57 9575
61 58 288
61 58 8338
61 60 1007
61 60 13035
61 62 135
61 63 886
61 63 15576
61 74 111
61 74 7112
61 76 141
61 78 6012
61 87 160
61 87 4504
61 90 5352
61 92 1799
61 92 14945
61 105 103
61 105 17420
61 108 758
61 108 7768
61 111 264
61 111 3782
61 115 14208
61 117 1240
61 117 20130
61 132 120
61 132 10378
61 134 176
61 134 1886
61 153 1441
62 36 56
62 36 3816
62 61 131
62 63 514
62 63 12090
62 115 177
62 115 16620
63 18 2441
63 24 370
63 24 16603
63 25 1363
63 30 9376
63 34 12146
63 36 259
63 36 20828
63 41 41
63 41 16933
63 42 10489
63 43 184
63 43 7185
63 45 490
63 48 150
63 48 17334
63 49 2010
63 50 524
63 50 12443
63 55 129
63 55 8606
63 57 165
63 57 387
63 57 13381
63 58 242
63 58 22141
63 60 186
63 60 16568
63 61 1027
63 61 16723
63 62 826
63 62 11985
63 68 399
63 72 444
63 72 2143
63 74 5562
63 75 452
63 75 4613
63 77 3451
63 81 4541
63 84 7539
63 85 2752
63 87 1054
63 87 9160
63 88 297
63 90 490
63 90 9483
63 92 771
63 92 24447
63 98 167
63 98 4228
63 100 6098
63 100 8301
63 105 323
63 105 20322
63 106 109
63 106 9872
63 108 13910
63 111 4351
63 117 1610
63 117 16300
63 120 7598
63 132 471
63 132 11177
63 134 453
63 134 9542
63 136 1403
63 137 64
63 137 2271
63 140 3486
63 153 6800
68 63 331
68 115 4385
72 63 186
72 63 2040
74 24 46
74 36 4721
74 61 117
74 61 6563
74 63 4835
74 100 148
74 115 4882
74 117 82
74 117 1836
75 63 421
75 63 3930
76 115 6180
77 63 3169
78 36 11199
78 61 95
78 61 6839
78 87 893
78 100 895
81 63 3881
81 115 11174
82 34 684
82 36 2559
84 48 125
84 63 7179
84 115 335
84 115 10608
85 63 2535
87 24 586
87 36 350
87 36 7952
87 61 125
87 61 3437
87 63 903
87 63 9058
87 78 712
87 100 292
87 115 119
87 115 6093
88 34 2511
88 34 2442
88 63 334
90 61 5256
90 63 334
90 63 8490
90 115 136
90 115 18895
92 36 406
92 36 11926
92 41 396
92 48 122
92 48 7449
92 61 446
92 61 17040
92 63 734
92 63 23918
92 100 895
92 106 9633
92 115 575
92 115 39843
92 117 60
96 36 3088
96 36 7826
98 63 158
98 63 3701
98 100 142
100 30 113
100 36 96
100 36 4049
100 41 2838
100 63 2339
100 63 8087
100 74 148
100 78 895
100 87 184
100 92 894
100 105 44
100 107 876
100 115 4431
100 117 23
101 36 5091
101 55 289
103 36 5698
103 51 1266
103 55 947
105 24 660
105 36 259
105 36 9042
105 59 214
105 59 4124
105 60 81
105 60 11814
105 61 282
105 61 16280
105 63 813
105 63 18142
105 100 487
105 115 22058
105 153 576
106 36 23519
106 41 9127
106 48 6789
106 63 70
106 63 9250
106 92 9986
106 115 82890
106 117 265
106 132 9056
107 100 884
108 24 756
108 36 179
108 36 3223
108 60 5653
108 61 137
108 61 7921
108 63 12886
108 100 94
108 117 1711
111 36 171
111 36 8010
111 60 2333
111 61 337
111 61 3640
111 63 3914
111 78 160
113 34 2279
113 34 390
113 36 613
113 55 292
113 55 2737
113 60 32
115 30 471
115 30 4737
115 36 37410
115 41 29738
115 42 6749
115 45 2917
115 48 24982
115 49 5778
115 50 151
115 53 10153
115 57 339
115 57 4814
115 58 18861
115 60 5564
115 61 15098
115 62 353
115 62 16140
115 68 4451
115 74 4867
115 76 5848
115 81 11324
115 84 353
115 84 10393
115 87 180
115 87 6082
115 90 79
115 90 20027
115 92 310
115 92 41217
115 100 142
115 100 4305
115 105 24095
115 106 82134
115 117 401
115 117 25104
115 127 14874
115 132 10450
115 133 3691
117 24 48
117 24 683
117 36 1210
117 36 9203
117 41 500
117 41 4333
117 60 1355
117 60 8880
117 61 1686
117 61 20175
117 63 1567
117 63 15742
117 74 148
117 74 1923
117 92 155
117 100 361
117 106 275
117 108 1749
117 115 3723
117 115 19214
117 132 2122
120 36 9010
120 60 1691
120 63 6452
127 115 14605
132 61 102
132 61 10664
132 63 498
132 63 10449
132 106 9029
132 115 10137
132 117 2431
133 115 3786
134 61 166
134 61 1919
134 63 460
134 63 8196
136 63 1114
137 63 61
137 63 2313
140 63 3827
141 34 757
153 61 1617
153 63 7708
153 105 691
157 55 857
9 36 4640
9 60 4048
10 36 2796
18 63 2972
20 36 26
20 36 2404
21 61 326
21 61 2972
23 61 3515
24 36 4684
24 55 490
24 58 166
24 58 3544
24 60 676
24 61 10176
24 63 19538
24 74 173
24 87 469
24 105 646
24 108 665
24 117 641
25 63 93
25 63 1602
27 63 939
30 36 1596
30 61 7774
30 63 516
30 63 9265
30 115 4707
30 115 4349
34 36 14026
34 41 217
34 44 1222
34 55 2393
34 55 3318
34 60 8809
34 61 5066
34 63 13370
34 88 7211
34 100 253
34 113 6887
34 141 839
36 9 4452
36 10 2893
36 20 161
36 20 2601
36 24 4324
36 30 1672
36 34 13956
36 37 4353
36 41 493
36 41 15121
36 48 8577
36 50 8401
36 51 1182
36 55 1472
36 55 7683
36 57 899
36 60 1443
36 60 13423
36 61 159
36 61 18456
36 62 106
36 62 4224
36 63 452
36 63 24069
36 74 5016
36 78 14106
36 82 4853
36 87 3303
36 87 6686
36 88 2382
36 92 12851
36 96 12537
36 100 2002
36 100 4564
36 101 5116
36 103 135
36 103 5878
36 105 12590
36 106 2744
36 106 26467
36 108 5092
36 111 680
36 111 9631
36 113 1131
36 115 3653
36 115 39449
36 117 3224
36 117 11916
36 120 9088
36 132 460
37 36 4848
41 34 162
41 36 353
41 36 15852
41 43 78
41 44 2045
41 60 2778
41 61 1847
41 61 13352
41 63 343
41 63 21461
41 100 7275
41 106 10777
41 115 131
41 115 7988
41 115 23791
41 117 4155
42 41 1
42 63 62
42 63 12106
42 100 446
42 115 178
42 115 8764
43 41 60
43 58 401
43 63 362
43 63 7149
44 34 1127
44 41 2176
44 61 239
45 61 336
45 63 4259
45 92 272
45 115 2135
48 36 8840
48 57 2891
48 58 2
48 61 468
48 61 17522
48 63 132
48 63 21394
48 81 178
48 84 2269
48 92 798
48 92 12779
48 100 615
48 106 362
48 106 8648
48 115 26778
49 63 2073
49 115 34
49 115 5959
50 36 8510
50 42 110
50 61 181
50 63 9420
50 100 747
50 115 4460
51 36 1086
51 103 68
51 103 1021
53 115 9198
55 24 485
55 34 1574
55 34 3207
55 36 1208
55 36 7660
55 60 6544
55 61 5936
55 63 318
55 63 10287
55 100 103
55 101 3669
55 103 351
55 103 953
55 113 2477
55 157 136
57 36 1009
57 48 2995
57 61 4263
57 61 13977
57 63 2646
57 63 13341
57 100 184
57 115 7609
57 115 4834
58 24 113
58 24 3292
58 43 320
58 61 2232
58 61 12398
58 63 20837
58 100 1818
58 106 1013
58 115 22414
59 105 338
59 105 4993
60 9 3529
60 24 583
60 34 8991
60 36 1422
60 36 12368
60 41 2649
60 41 575
60 55 1171
60 55 5539
60 61 2027
60 61 19140
60 62 3697
60 63 708
60 63 16688
60 78 1843
60 100 479
60 105 12856
60 108 4967
60 111 3267
60 113 586
60 115 973
60 115 5424
60 117 11483
60 120 1840
61 21 320
61 21 3082
61 23 3529
61 24 9545
61 30 7428
61 34 4624
61 36 475
61 36 18299
61 41 1757
61 41 11611
61 44 410
61 45 341
61 48 419
61 48 17329
61 50 178
61 55 5783
61 57 3621
61 57 13338
61 58 3242
61 58 12594
61 60 2220
61 60 20103
61 63 669
61 63 18481
61 74 616
61 74 8864
61 78 7321
61 87 1878
61 87 6828
61 90 97
61 90 8085
61 92 2662
61 92 21734
61 100 4887
61 105 4519
61 105 20643
61 108 1103
61 108 14360
61 111 1790
61 111 5123
61 115 110
61 115 137
61 115 17324
61 117 5466
61 117 26209
61 132 230
61 132 13029
61 134 136
61 134 2714
61 153 1780
62 36 159
62 36 4396
62 60 4318
62 63 174
62 63 16471
62 100 722
62 115 18949
63 18 2969
63 24 16181
63 25 1746
63 27 1232
63 30 589
63 30 9282
63 34 13817
63 36 615
63 36 23552
63 41 280
63 41 19510
63 42 123
63 42 12331
63 43 478
63 43 6642
63 45 4362
63 48 350
63 48 20891
63 49 1885
63 50 148
63 50 9193
63 55 60
63 55 10485
63 57 3003
63 57 13848
63 58 19902
63 60 675
63 60 16497
63 61 567
63 61 16749
63 62 172
63 62 16434
63 68 3561
63 72 2339
63 72 1817
63 74 10612
63 75 538
63 75 5072
63 76 67
63 77 3621
63 81 168
63 81 4237
63 84 305
63 84 6917
63 85 2770
63 87 6207
63 87 12420
63 88 474
63 90 4151
63 90 11409
63 92 84
63 92 26274
63 98 648
63 98 4525
63 100 6784
63 100 8937
63 105 3379
63 105 20057
63 106 2364
63 106 21027
63 108 458
63 108 15191
63 111 4235
63 117 4848
63 117 18337
63 120 115
63 120 7797
63 127 180
63 132 3024
63 132 12718
63 134 12539
63 135 66
63 136 1538
63 137 3754
63 140 4634
63 153 9162
68 63 3486
68 115 4588
72 63 2737
72 63 1839
74 24 56
74 36 4984
74 61 635
74 61 8844
74 63 92
74 63 10707
74 115 629
74 117 4668
75 63 573
75 63 5061
76 115 3360
76 115 7775
77 63 3324
78 36 13963
78 60 1904
78 61 124
78 61 7036
78 87 678
78 100 717
78 117 2125
81 63 123
81 63 3616
81 115 12648
82 34 37
82 36 4745
84 48 2194
84 63 55
84 63 6755
84 100 183
84 115 3904
84 115 10055
85 63 2808
87 24 424
87 36 2960
87 36 6983
87 61 2018
87 61 5605
87 63 5945
87 63 12515
87 78 722
87 115 3643
87 115 6250
88 34 8113
88 36 2467
88 63 676
90 61 201
90 61 7945
90 63 4036
90 63 11862
90 106 1588
90 115 878
90 115 22126
92 36 13162
92 45 272
92 48 643
92 48 12927
92 60 82
92 61 3029
92 61 22972
92 63 376
92 63 28462
92 100 3317
92 106 447
92 106 12908
92 115 234
92 115 47260
92 132 120
96 36 134
96 36 12348
96 100 235
98 63 631
98 63 4461
100 30 177
100 34 180
100 36 1271
100 36 4342
100 41 6748
100 42 298
100 48 629
100 50 413
100 55 285
100 57 181
100 58 1160
100 60 160
100 61 4204
100 62 560
100 63 9877
100 63 8900
100 78 736
100 84 185
100 87 109
100 92 2426
100 96 136
100 98 142
100 105 439
100 106 929
100 107 734
100 108 95
100 111 174
100 115 573
100 115 4298
100 117 337
100 127 827
100 132 96
101 36 5002
101 55 4148
103 36 6527
103 51 97
103 51 960
103 55 1214
105 24 527
105 36 12922
105 59 384
105 59 5082
105 60 13169
105 61 4191
105 61 21498
105 63 3426
105 63 20952
105 115 461
105 115 24394
105 134 525
105 153 563
106 36 2663
106 36 27179
106 41 11554
106 48 470
106 48 8516
106 58 1239
106 63 2458
106 63 21540
106 90 1614
106 92 368
106 92 12265
106 100 898
106 115 137
106 115 86378
106 117 3630
106 132 1873
106 132 13316
107 100 704
108 24 465
108 36 5116
108 60 4938
108 61 1006
108 61 13712
108 63 697
108 63 15317
108 115 2795
108 117 4172
111 36 530
111 36 9251
111 60 173
111 60 3672
111 61 1750
111 61 5033
111 63 4245
111 100 261
113 34 6708
113 36 855
113 55 2989
113 60 786
115 30 4661
115 30 4443
115 36 42898
115 41 31090
115 42 8601
115 45 2111
115 48 26529
115 49 52
115 49 5659
115 50 4534
115 53 9118
115 57 7832
115 57 5014
115 58 21979
115 60 934
115 60 5515
115 61 179
115 61 16776
115 62 18120
115 68 4503
115 74 660
115 76 3490
115 76 7688
115 81 12430
115 84 3963
115 84 9030
115 87 3669
115 87 6195
115 90 974
115 90 23138
115 92 4349
115 92 41550
115 100 591
115 100 4949
115 105 315
115 105 24052
115 106 230
115 106 77799
115 108 2779
115 117 4481
115 117 23963
115 127 14095
115 132 12961
115 133 4223
117 24 561
117 36 3089
117 36 11186
117 41 4024
117 48 156
117 60 11818
117 61 4780
117 61 24830
117 63 5745
117 63 18182
117 74 3983
117 78 1873
117 92 53
117 106 3383
117 108 3955
117 115 8031
117 115 19762
117 132 4244
120 36 9364
120 60 1865
120 63 183
120 63 7185
120 100 77
127 100 833
127 115 14208
132 36 384
132 61 135
132 61 13579
132 63 3264
132 63 12145
132 100 93
132 106 1813
132 106 13438
132 115 12719
132 117 4730
133 115 4332
134 61 108
134 61 2758
134 63 12708
134 105 620
135 61 74
136 63 1543
137 63 4105
140 63 3993
141 34 891
153 61 1614
153 63 8358
153 105 592
157 55 1308
9 36 4202
9 60 285
10 36 3248
10 60 3582
18 63 1999
20 36 1775
21 61 3262
23 61 3812
24 36 3976
24 55 273
24 58 3223
24 60 777
24 61 250
24 61 9488
24 63 17076
24 74 119
24 87 603
24 105 729
24 108 629
24 117 683
25 63 1678
27 63 537
30 36 2344
30 61 7507
30 63 10486
30 115 726
30 115 4997
34 34 82
34 36 98
34 36 9150
34 44 1244
34 55 3242
34 60 3917
34 61 157
34 61 3645
34 63 9827
34 88 2466
34 88 2788
34 113 6223
34 141 961
36 9 4318
36 10 3260
36 20 1396
36 24 4644
36 30 2103
36 34 9485
36 37 4376
36 41 12096
36 48 8527
36 50 110
36 50 7975
36 51 1571
36 55 4338
36 55 4361
36 60 183
36 60 9579
36 61 372
36 61 21521
36 62 3650
36 63 523
36 63 23185
36 74 5091
36 78 7674
36 82 4487
36 87 392
36 87 6929
36 88 2763
36 92 9590
36 96 86
36 96 9149
36 100 322
36 100 4177
36 101 4958
36 103 6050
36 105 10365
36 106 20401
36 108 4891
36 111 356
36 111 7241
36 113 851
36 115 345
36 115 43440
36 117 257
36 117 9050
36 120 7258
36 132 52
37 36 5217
39 63 5749
41 36 10892
41 44 2419
41 60 133
41 61 1771
41 61 13727
41 63 21078
41 100 3089
41 106 9547
41 115 888
41 115 30922
41 117 3775
42 63 10118
42 115 8534
43 58 1758
43 63 301
43 63 9114
44 34 1191
44 41 2692
45 63 1235
45 115 3024
48 36 8571
48 57 3446
48 61 144
48 61 14468
48 63 18804
48 84 2205
48 92 132
48 92 8798
48 106 7582
48 115 29289
49 63 1683
49 115 5982
50 36 101
50 36 7934
50 63 58
50 63 11452
50 115 355
51 36 1683
51 103 1498
53 115 11337
55 24 676
55 34 3277
55 36 1606
55 36 7316
55 60 180
55 60 4616
55 61 9185
55 63 9001
55 101 3839
55 103 1344
55 103 513
55 113 1854
57 48 3346
57 61 209
57 61 10740
57 63 80
57 63 12504
57 115 667
57 115 4845
58 24 3770
58 36 92
58 43 1687
58 58 52
58 61 248
58 61 14263
58 63 20536
58 106 47
58 115 21772
59 105 5396
60 9 262
60 10 3397
60 24 817
60 34 4222
60 36 10552
60 41 136
60 55 3725
60 55 576
60 61 368
60 61 18958
60 62 665
60 63 17373
60 78 139
60 92 70
60 105 224
60 105 13547
60 108 4115
60 115 1453
60 117 3290
60 117 10256
60 120 681
61 21 3211
61 23 3736
61 24 332
61 24 10502
61 30 6479
61 34 4607
61 36 128
61 36 20488
61 41 1807
61 41 12327
61 44 160
61 48 133
61 48 13563
61 55 8939
61 57 299
61 57 10978
61 58 611
61 58 14023
61 60 414
61 60 17472
61 63 186
61 63 23111
61 74 6867
61 78 6274
61 87 138
61 87 4943
61 90 4998
61 92 733
61 92 24461
61 100 260
61 105 641
61 105 17090
61 108 11675
61 111 380
61 111 3827
61 115 38132
61 117 2493
61 117 21546
61 132 13022
61 134 2085
61 153 1464
62 36 4100
62 60 375
62 63 14778
62 115 17353
63 18 1467
63 24 18820
63 25 1775
63 27 251
63 30 10122
63 34 10373
63 36 507
63 36 23033
63 39 5618
63 41 19795
63 42 10106
63 43 467
63 43 9215
63 45 952
63 48 18758
63 49 1764
63 50 11266
63 55 8905
63 57 132
63 57 13921
63 58 20424
63 60 16686
63 61 54
63 61 22830
63 62 14724
63 63 142
63 68 386
63 72 187
63 72 2070
63 74 8988
63 75 7362
63 76 3056
63 77 3668
63 81 2472
63 84 6589
63 85 2628
63 87 182
63 87 4319
63 87 10268
63 88 329
63 90 605
63 90 10613
63 92 32743
63 94 2483
63 98 171
63 98 4671
63 100 2968
63 100 7863
63 105 20123
63 106 1122
63 106 15699
63 108 12717
63 111 712
63 117 627
63 117 17506
63 120 4980
63 127 168
63 129 4985
63 132 48
63 132 11872
63 134 8372
63 136 1476
63 137 3266
63 140 3078
63 153 170
63 153 8410
68 63 507
68 115 4397
72 63 288
72 63 1972
74 24 62
74 36 5170
74 61 7130
74 63 9136
74 117 3939
75 63 7852
76 63 2958
76 115 7912
77 63 3466
78 36 7334
78 60 155
78 61 6457
78 87 840
78 100 816
78 117 149
81 63 2177
81 115 13051
82 36 4997
84 48 1915
84 63 6686
84 115 472
84 115 16830
85 63 2855
87 24 718
87 36 432
87 36 7905
87 61 215
87 61 4692
87 63 4696
87 63 10830
87 78 788
87 115 405
87 115 6250
88 34 2175
88 34 2721
88 36 2548
88 63 238
90 61 5223
90 63 662
90 63 10894
90 106 136
90 115 178
90 115 21861
92 36 9344
92 48 122
92 48 8301
92 61 602
92 61 24678
92 63 150
92 63 31466
92 100 876
92 106 9980
92 115 44260
94 63 2608
96 36 3
96 36 9783
98 63 184
98 63 4622
100 34 67
100 36 1094
100 36 4552
100 41 3158
100 42 144
100 50 331
100 58 673
100 60 319
100 61 724
100 62 164
100 63 2947
100 63 8629
100 78 794
100 92 1743
100 96 97
100 105 131
100 107 828
100 111 82
100 115 184
100 115 4786
100 117 58
100 120 77
101 36 5246
101 55 4249
103 36 6277
103 51 1653
103 55 1644
105 24 629
105 36 11666
105 59 5342
105 60 103
105 60 12546
105 61 136
105 61 657
105 61 18121
105 63 22083
105 100 130
105 115 22489
105 134 612
105 153 629
106 36 19824
106 41 10550
106 48 7503
106 63 1090
106 63 15715
106 90 138
106 92 9394
106 115 68417
106 132 9812
107 100 862
108 24 590
108 36 4788
108 60 4690
108 61 127
108 61 12602
108 63 13470
108 117 3914
111 36 470
111 36 7397
111 61 504
111 61 3842
111 63 694
113 34 6459
113 36 67
113 36 599
113 55 115
113 55 2086
115 30 566
115 30 4404
115 36 42166
115 41 32372
115 42 7870
115 45 2993
115 48 28458
115 49 6236
115 50 301
115 53 10899
115 57 764
115 57 5074
115 58 21595
115 60 1423
115 61 40287
115 62 16563
115 68 3974
115 76 7758
115 81 12120
115 84 509
115 84 15806
115 87 240
115 87 5615
115 90 169
115 90 22833
115 92 543
115 92 45063
115 100 171
115 100 4251
115 105 21687
115 106 66082
115 117 452
115 117 20748
115 127 16174
115 132 12308
115 133 3718
117 24 781
117 36 504
117 36 9505
117 41 4850
117 60 12274
117 61 2547
117 61 22144
117 63 1138
117 63 19149
117 74 3563
117 78 142
117 100 177
117 106 137
117 108 3508
117 115 152
117 115 4093
117 115 19455
117 132 4424
120 36 7871
120 60 745
120 63 4873
127 115 16384
129 63 5271
132 36 68
132 41 76
132 61 13481
132 63 292
132 63 12299
132 106 9781
132 115 12601
132 117 4470
133 115 4000
134 61 2077
134 63 8383
134 105 667
136 63 1523
137 63 3320
140 63 3388
141 34 914
153 61 1456
153 63 111
153 63 8295
153 105 721
9 36 110
9 36 3876
9 60 710
10 36 99
10 36 2750
10 60 24
10 60 3457
18 63 128
18 63 1302
20 36 1043
21 41 70
21 61 3264
23 61 3655
24 36 3936
24 55 413
24 58 3584
24 60 642
24 61 9569
24 63 16051
24 74 111
24 87 460
24 105 606
24 108 558
24 117 569
25 63 1786
30 36 2144
30 61 116
30 61 7479
30 63 10743
30 115 4899
34 36 9009
34 41 193
34 44 107
34 44 1033
34 55 2975
34 60 228
34 60 3043
34 61 3662
34 63 11012
34 88 234
34 88 5561
34 113 63
34 113 5495
34 141 1239
36 9 297
36 9 3805
36 10 147
36 10 2466
36 20 1103
36 24 4172
36 30 1915
36 34 8624
36 37 4231
36 41 12855
36 48 7888
36 50 10056
36 51 1320
36 55 3590
36 55 4208
36 57 459
36 60 10202
36 61 1474
36 61 35658
36 62 3859
36 63 164
36 63 23029
36 74 4854
36 78 7247
36 82 3924
36 87 6903
36 88 2454
36 92 9198
36 96 10177
36 100 4271
36 101 4777
36 103 5337
36 105 10530
36 106 395
36 106 6557
36 108 4917
36 111 6672
36 113 157
36 113 547
36 115 2297
36 115 42599
36 117 10005
36 120 7837
37 36 5278
37 55 184
39 63 6309
41 21 68
41 34 198
41 36 13303
41 44 2074
41 61 586
41 61 19497
41 63 19344
41 100 3199
41 106 3110
41 115 2321
41 115 31158
41 117 3645
42 63 10771
42 115 7556
43 58 1960
43 63 8511
44 34 75
44 34 1016
44 41 2132
44 61 216
45 63 563
45 115 2689
48 36 7842
48 57 275
48 57 2669
48 61 19668
48 63 17773
48 84 102
48 84 1604
48 92 6843
48 106 2516
48 115 2871
48 115 27510
49 63 1067
49 115 4993
50 36 10492
50 63 11747
51 36 36
51 36 1332
51 103 47
51 103 1089
53 115 137
53 115 10851
55 24 436
55 34 2723
55 36 1924
55 36 6080
55 60 4489
55 61 8690
55 63 172
55 63 10333
55 96 164
55 101 163
55 101 135
55 101 2210
55 103 890
55 103 677
55 113 549
55 113 2245
57 36 467
57 48 266
57 48 2253
57 61 10401
57 63 13578
57 115 4370
58 24 3239
58 43 1703
58 61 242
58 61 14164
58 63 33
58 63 21432
58 106 445
58 115 20550
59 105 88
59 105 5257
60 9 639
60 10 148
60 10 3362
60 24 627
60 34 488
60 34 3117
60 36 10237
60 41 1254
60 55 3694
60 55 833
60 61 121
60 61 18768
60 63 17618
60 75 3838
60 105 13504
60 108 43
60 108 5014
60 111 161
60 113 158
60 113 492
60 115 186
60 117 275
60 117 13170
61 21 3278
61 23 3748
61 24 9447
61 30 157
61 30 7319
61 34 4483
61 36 1313
61 36 34895
61 41 385
61 41 18959
61 44 391
61 48 18467
61 55 8057
61 57 10052
61 58 282
61 58 14328
61 60 17832
61 61 73
61 63 1392
61 63 28202
61 74 7197
61 78 5016
61 87 5282
61 90 157
61 90 4384
61 92 452
61 92 27159
61 105 19690
61 108 11166
61 111 3565
61 115 1896
61 115 73770
61 117 1921
61 117 21907
61 132 95
61 132 16271
61 134 237
61 134 1917
61 153 1252
62 36 3760
62 63 57
62 63 14309
62 115 15588
63 18 130
63 18 1266
63 24 15856
63 25 1800
63 30 10588
63 34 11599
63 36 139
63 36 22294
63 39 6034
63 41 18247
63 42 10780
63 43 8639
63 45 512
63 48 18116
63 49 1043
63 50 11400
63 53 171
63 55 9610
63 57 13909
63 58 106
63 58 22048
63 60 18110
63 61 1438
63 61 28465
63 62 51
63 62 13864
63 63 115
63 63 128
63 68 93
63 72 2123
63 74 10516
63 75 7651
63 76 3578
63 77 123
63 77 2896
63 81 1859
63 84 6094
63 85 2839
63 87 3381
63 87 10086
63 88 406
63 90 168
63 90 9199
63 92 31969
63 94 3344
63 98 4633
63 100 6041
63 100 6143
63 101 182
63 105 814
63 105 24090
63 106 4529
63 108 14471
63 111 1542
63 117 19027
63 120 4990
63 129 6244
63 132 12799
63 134 127
63 134 8530
63 136 1557
63 137 314
63 137 2430
63 140 3133
63 153 7
63 153 8778
68 63 85
68 115 4182
72 63 2151
74 24 32
74 36 4877
74 61 6885
74 63 10138
74 117 3760
75 60 3212
75 63 8026
76 63 3523
76 115 7788
77 63 101
77 63 3052
78 36 7269
78 61 5090
78 87 728
78 100 731
81 63 1852
81 115 12962
82 36 4502
84 48 1454
84 63 6059
84 115 14306
85 63 2916
87 24 571
87 36 7521
87 61 4772
87 63 2890
87 63 10097
87 78 731
87 115 5739
88 34 270
88 34 5677
88 36 2490
88 63 336
90 61 262
90 61 4272
90 63 274
90 63 9738
90 115 30
90 115 19668
92 36 10004
92 48 6719
92 61 389
92 61 27641
92 63 92
92 63 32076
92 100 692
92 106 2571
92 115 40820
94 63 3352
96 36 9936
96 55 163
98 63 4440
100 36 4119
100 41 3200
100 63 4008
100 63 6377
100 78 733
100 92 721
100 107 736
100 115 722
100 115 4447
101 36 4922
101 55 214
101 55 2885
103 36 5348
103 51 971
103 55 1479
105 24 482
105 36 11126
105 59 114
105 59 5144
105 60 13262
105 61 765
105 61 20231
105 63 797
105 63 24258
105 115 22138
105 134 423
105 153 575
106 36 262
106 36 5376
106 41 3189
106 48 2284
106 58 435
106 63 3631
106 92 2546
106 115 16342
106 117 841
106 132 2550
107 100 730
108 24 703
108 36 4809
108 60 5380
108 61 45
108 61 11453
108 63 10
108 63 14271
108 117 179
108 117 3698
111 36 6734
111 60 170
111 61 3524
111 63 1417
113 34 99
113 34 5884
113 36 41
113 36 663
113 55 961
113 55 2238
113 60 595
115 30 4918
115 36 2168
115 36 41516
115 41 1600
115 41 31117
115 42 6973
115 45 2713
115 48 2281
115 48 27957
115 49 5124
115 53 11000
115 57 4492
115 58 20379
115 61 2311
115 61 71774
115 62 14540
115 63 217
115 68 4212
115 76 7866
115 81 12320
115 84 13934
115 87 5608
115 90 63
115 90 21320
115 92 39795
115 100 1105
115 100 4550
115 105 22836
115 106 17564
115 117 276
115 117 22727
115 127 11782
115 132 12102
115 133 3821
117 24 596
117 36 10076
117 41 3263
117 60 13555
117 61 1809
117 61 22212
117 63 157
117 63 18271
117 74 3459
117 106 986
117 108 177
117 108 3771
117 115 2463
117 115 19718
117 132 3282
117 134 171
120 36 8023
120 63 4564
127 115 12269
129 63 6323
132 61 15900
132 63 13055
132 106 2841
132 115 11651
132 117 3581
133 115 3891
134 61 282
134 61 2098
134 63 8852
134 105 475
134 117 172
136 63 1439
137 63 251
137 63 2399
140 63 3314
141 34 1034
153 61 64
153 61 1057
153 63 149
153 63 8196
153 105 123
153 105 494
9 36 4316
10 36 2075
18 63 152
18 63 1845
20 36 1476
21 61 197
21 61 2967
23 61 3641
24 36 48
24 36 3677
24 55 280
24 58 3511
24 60 585
24 61 329
24 61 9176
24 63 119
24 63 14259
24 74 65
24 87 465
24 105 579
24 108 564
24 117 482
25 63 1890
30 36 2124
30 61 7768
30 63 11318
30 115 4879
34 36 1326
34 36 9770
34 41 302
34 44 890
34 55 3391
34 60 895
34 60 2944
34 61 146
34 63 51
34 63 12223
34 88 5716
34 113 260
34 113 6112
34 141 727
36 9 4337
36 10 1802
36 20 1659
36 24 3797
36 30 2135
36 34 680
36 34 9953
36 37 4428
36 41 11553
36 48 8703
36 50 120
36 50 9830
36 51 1267
36 55 3625
36 55 5148
36 57 515
36 60 52
36 60 11339
36 61 1180
36 61 16949
36 62 4021
36 63 153
36 63 21024
36 74 4929
36 78 63
36 78 10083
36 82 3992
36 87 6105
36 88 2336
36 92 10137
36 96 10314
36 100 4647
36 101 5069
36 103 5450
36 105 111
36 105 12233
36 106 465
36 106 29779
36 108 4763
36 111 8820
36 113 483
36 115 44887
36 117 10241
36 120 401
36 120 7208
37 36 5488
39 63 610
39 63 4862
41 34 223
41 36 11375
41 44 1375
41 61 606
41 61 11165
41 63 103
41 63 17384
41 100 3466
41 106 11741
41 115 33849
41 117 4143
42 63 9343
42 115 9017
43 58 152
43 58 617
43 61 70
43 63 673
43 63 6763
44 34 834
44 41 1279
44 61 252
45 63 802
45 115 2615
48 36 8728
48 57 3534
48 61 14544
48 63 24
48 63 14767
48 84 1739
48 92 7167
48 100 349
48 106 10660
48 115 29079
49 63 41
49 63 932
49 115 99
49 115 4344
50 36 35
50 36 10167
50 63 11448
51 36 69
51 36 1149
51 103 62
51 103 922
53 115 69
53 115 7963
55 24 446
55 34 123
55 34 3229
55 36 2089
55 36 6746
55 60 29
55 60 5599
55 61 5708
55 63 17
55 63 11564
55 101 3307
55 103 968
55 103 466
55 113 120
55 113 2302
57 36 435
57 48 3148
57 61 30
57 61 12593
57 63 359
57 63 11787
57 115 4319
58 24 3528
58 43 160
58 43 711
58 61 299
58 61 15330
58 63 59
58 63 19921
58 115 20549
59 105 183
59 105 5530
60 24 616
60 34 1393
60 34 3254
60 36 223
60 36 11609
60 41 892
60 55 4155
60 55 1497
60 61 18596
60 63 17842
60 75 3214
60 105 12233
60 108 6047
60 111 170
60 113 485
60 117 82
60 117 14937
61 21 310
61 21 3014
61 23 3834
61 24 159
61 24 9394
61 30 7596
61 36 1112
61 36 17394
61 41 405
61 41 11096
61 44 256
61 48 14795
61 55 5799
61 57 83
61 57 13041
61 58 300
61 58 15743
61 60 18621
61 62 55
61 63 3385
61 63 16236
61 74 8761
61 78 7570
61 87 177
61 87 6561
61 90 1193
61 90 6884
61 92 582
61 92 23565
61 105 395
61 105 21692
61 108 162
61 108 192
61 108 13694
61 111 4599
61 115 8259
61 115 21073
61 117 459
61 117 27507
61 132 14189
62 36 4287
62 63 232
62 63 11016
62 115 16170
63 18 2013
63 24 136
63 24 15867
63 25 2019
63 30 11024
63 34 12448
63 36 79
63 36 21564
63 39 627
63 39 4853
63 41 16307
63 42 9294
63 43 698
63 43 6841
63 45 519
63 48 83
63 48 14170
63 49 66
63 49 999
63 50 10318
63 55 174
63 55 10745
63 57 541
63 57 12022
63 58 21062
63 60 17805
63 61 2675
63 61 16872
63 62 83
63 62 10666
63 63 11
63 72 2169
63 74 9741
63 75 6914
63 76 1671
63 77 215
63 77 3265
63 81 865
63 84 162
63 84 7461
63 85 82
63 85 2662
63 87 3152
63 87 9957
63 88 533
63 90 808
63 90 10195
63 92 30990
63 94 2915
63 98 212
63 98 4165
63 100 4177
63 100 8048
63 105 20283
63 106 101
63 106 16368
63 108 167
63 108 13506
63 111 1856
63 117 178
63 117 17645
63 120 154
63 120 4718
63 127 81
63 129 650
63 129 4855
63 132 11187
63 134 6524
63 136 566
63 137 352
63 137 1771
63 140 2764
63 153 80
63 153 9200
68 115 4235
72 63 2161
74 24 41
74 36 4624
74 61 8299
74 63 9931
74 117 4024
75 60 3055
75 63 7272
76 63 1670
76 115 8625
77 63 231
77 63 3191
78 36 64
78 36 9369
78 61 7176
78 87 723
78 100 730
81 63 682
81 115 12497
82 36 4464
84 48 1815
84 63 127
84 63 7788
84 100 518
84 115 10950
85 63 49
85 63 2741
87 24 588
87 36 7087
87 61 113
87 61 6141
87 63 3306
87 63 9755
87 78 723
87 115 5426
88 34 5975
88 36 2247
88 63 537
90 61 907
90 61 6979
90 63 825
90 63 9341
90 115 310
90 115 22215
92 24 142
92 36 11106
92 43 66
92 48 6559
92 61 611
92 61 21754
92 63 133
92 63 28558
92 100 713
92 106 13836
92 115 41229
94 63 86
94 63 2865
96 36 64
96 36 10113
98 63 236
98 63 4124
100 36 4098
100 41 3453
100 48 347
100 63 6759
100 63 8004
100 78 728
100 84 515
100 92 688
100 107 733
100 115 552
100 115 4808
101 36 5286
101 55 3509
103 36 5619
103 51 938
103 55 1215
105 24 488
105 36 98
105 36 11560
105 59 232
105 59 5236
105 60 12642
105 61 22227
105 63 21709
105 115 25141
105 134 336
105 153 490
106 36 243
106 36 28811
106 41 147
106 41 13424
106 48 10822
106 63 89
106 63 17659
106 92 11363
106 115 82763
106 117 3286
106 132 12603
107 100 734
108 24 585
108 36 4667
108 60 6379
108 61 21
108 61 13918
108 63 108
108 63 13511
108 115 25
108 117 3614
111 36 8456
111 60 64
111 61 4837
111 63 1939
113 34 246
113 34 5894
113 36 488
113 55 2573
113 60 551
115 30 4891
115 36 44616
115 41 32923
115 42 8527
115 45 2524
115 48 28988
115 49 251
115 49 4304
115 53 147
115 53 8100
115 57 4565
115 58 20518
115 61 7581
115 61 19920
115 62 15422
115 63 132
115 68 4237
115 76 8576
115 81 12512
115 84 11135
115 87 5851
115 90 258
115 90 22439
115 92 43089
115 100 4518
115 105 25065
115 106 74896
115 117 23905
115 127 12527
115 132 12445
115 133 3578
117 24 567
117 36 10332
117 41 3606
117 60 9
117 60 15505
117 61 298
117 61 26836
117 63 17305
117 74 4060
117 106 3575
117 108 3566
117 115 24703
117 132 3909
120 36 240
120 36 7279
120 63 115
120 63 4436
127 63 135
127 115 13004
129 63 718
129 63 4680
132 61 13796
132 63 11184
132 106 12022
132 115 12580
132 117 4511
133 115 3749
134 63 7349
134 105 434
136 63 517
137 63 446
137 63 1823
140 63 3373
141 34 525
153 63 217
153 63 7631
153 105 560
9 36 4020
10 36 2066
18 63 1977
20 36 1789
21 61 3141
23 61 3925
24 36 3548
24 55 283
24 58 3330
24 60 620
24 61 9260
24 63 11590
24 74 102
24 87 627
24 105 668
24 108 768
24 117 563
25 63 137
25 63 1644
30 36 3454
30 60 184
30 61 7455
30 63 11538
30 115 4398
34 36 712
34 36 13540
34 41 138
34 44 1320
34 55 2357
34 60 7933
34 63 11413
34 78 179
34 88 7192
34 113 1
34 113 6623
34 141 466
36 9 3963
36 10 2115
36 20 1828
36 24 3942
36 30 3269
36 34 13063
36 37 4135
36 41 14470
36 48 8249
36 50 7946
36 51 1307
36 55 3727
36 55 4949
36 57 755
36 60 617
36 60 12746
36 61 19497
36 62 3723
36 63 475
36 63 23701
36 74 4732
36 78 10415
36 82 3534
36 87 5535
36 88 2210
36 92 10949
36 96 9657
36 100 4650
36 101 4353
36 103 5426
36 105 9543
36 106 29616
36 108 4747
36 111 142
36 111 8221
36 113 511
36 115 47894
36 117 10523
36 120 8546
37 36 5237
39 63 3901
41 34 207
41 36 14394
41 44 1788
41 60 1648
41 61 9357
41 63 291
41 63 17081
41 78 102
41 78 147
41 100 3572
41 106 11352
41 115 131
41 115 32927
41 117 3221
42 63 289
42 63 10512
42 115 7927
43 58 6
43 58 2601
43 63 26
43 63 9306
44 34 1354
44 41 1980
44 61 247
45 63 581
45 115 2251
48 36 8459
48 57 3945
48 61 11373
48 63 15
48 63 17304
48 78 124
48 84 2701
48 92 7368
48 106 10443
48 115 122
48 115 30991
49 63 211
49 115 5805
50 36 8476
50 63 339
50 63 12087
51 36 1326
51 103 1096
53 63 701
53 115 8042
55 24 461
55 34 2405
55 36 2203
55 36 7237
55 60 146
55 60 4979
55 61 5682
55 63 11845
55 78 183
55 101 3342
55 103 918
55 103 379
55 113 2087
57 36 720
57 48 4003
57 61 358
57 61 13916
57 63 1739
57 63 11922
57 115 1172
58 24 3596
58 43 2505
58 61 44
58 61 12240
58 63 362
58 63 16442
58 78 142
58 115 21616
59 105 5115
60 24 686
60 30 180
60 34 7580
60 36 743
60 36 12541
60 41 1484
60 41 748
60 55 4159
60 55 698
60 61 648
60 61 17739
60 63 17184
60 75 3824
60 78 166
60 105 14161
60 108 5118
60 111 54
60 111 1636
60 113 447
60 115 590
60 117 1088
60 117 15216
61 21 3175
61 23 3792
61 24 9020
61 30 7117
61 36 112
61 36 20304
61 41 8348
61 44 413
61 48 10526
61 55 5343
61 57 254
61 57 14027
61 58 185
61 58 12946
61 60 499
61 60 17672
61 63 18335
61 74 8147
61 78 7851
61 87 6528
61 90 7055
61 92 1466
61 92 19564
61 105 19146
61 108 13233
61 111 3902
61 115 84
61 115 19597
61 117 108
61 117 29855
61 132 205
61 132 11099
61 149 543
62 36 162
62 36 4077
62 61 59
62 63 288
62 63 11915
62 115 16170
63 18 1897
63 24 11549
63 25 138
63 25 1680
63 30 11218
63 34 11276
63 36 307
63 36 23695
63 39 3818
63 41 16176
63 42 312
63 42 10130
63 43 211
63 43 9144
63 45 610
63 48 17683
63 49 260
63 50 361
63 50 12316
63 53 642
63 55 11066
63 57 1785
63 57 11962
63 58 312
63 58 16954
63 60 134
63 60 16599
63 61 18034
63 62 298
63 62 11801
63 63 5
63 72 2078
63 74 8816
63 75 8563
63 76 117
63 76 6645
63 77 3621
63 84 7606
63 85 2783
63 87 848
63 87 10021
63 88 644
63 90 11132
63 92 489
63 92 29945
63 94 239
63 94 3018
63 98 4637
63 100 2857
63 100 6675
63 105 19829
63 106 18010
63 108 13163
63 109 2592
63 111 4243
63 117 192
63 117 14080
63 120 4886
63 129 5687
63 132 294
63 132 9447
63 134 407
63 134 4640
63 136 836
63 137 3678
63 140 2268
63 149 168
63 153 7513
68 63 135
68 115 4076
72 63 1898
72 78 160
74 24 28
74 36 4467
74 61 8018
74 63 9301
74 117 3427
75 60 4066
75 63 8681
76 63 150
76 63 6704
76 115 673
77 63 3442
78 36 10064
78 61 7549
78 87 864
78 100 859
81 115 11688
82 36 4098
84 48 2832
84 63 7525
84 115 10892
85 63 2671
87 24 685
87 36 5906
87 61 5863
87 63 867
87 63 9905
87 78 871
87 115 5296
88 34 122
88 34 7117
88 36 2456
88 63 12
88 63 517
90 61 7479
90 63 10505
90 115 22103
92 36 11199
92 48 7298
92 61 1494
92 61 18878
92 63 463
92 63 29663
92 78 316
92 100 863
92 106 12936
92 115 1
92 115 47300
94 63 292
94 63 3002
96 36 9518
98 63 59
98 63 4231
100 36 4194
100 41 3982
100 63 2845
100 63 6450
100 78 860
100 92 867
100 107 907
100 115 4553
101 36 4899
101 55 3281
103 36 5619
103 51 1019
103 55 28
103 55 1139
105 24 570
105 36 9374
105 59 5174
105 60 13817
105 61 19771
105 63 20514
105 115 23781
105 134 366
105 153 639
106 36 26978
106 41 13083
106 48 10419
106 63 18555
106 92 12020
106 115 93
106 115 86120
106 117 3097
106 132 13178
107 100 907
108 24 538
108 36 4651
108 60 4801
108 61 13791
108 63 13478
108 117 3747
109 63 2749
111 36 8388
111 60 1945
111 61 3978
111 63 4427
113 34 98
113 34 6834
113 36 342
113 55 2352
113 60 787
115 30 4401
115 36 44396
115 41 32347
115 42 7641
115 45 2296
115 48 31315
115 49 5590
115 53 7884
115 57 1251
115 58 22301
115 60 764
115 61 20535
115 62 15692
115 68 4262
115 76 634
115 81 10989
115 84 10768
115 87 5153
115 90 22540
115 92 137
115 92 47525
115 100 4470
115 105 23408
115 106 79437
115 117 22678
115 127 12072
115 132 11965
115 133 3622
117 24 631
117 36 141
117 36 9730
117 41 4223
117 60 1017
117 60 14847
117 61 29495
117 63 13967
117 74 3281
117 78 181
117 106 3430
117 108 3509
117 115 22464
117 132 3809
120 36 93
120 36 9162
120 63 4247
127 115 12523
129 63 5956
132 61 253
132 61 11288
132 63 318
132 63 9641
132 106 12714
132 115 11889
132 117 110
132 117 3771
133 115 3752
134 63 112
134 63 4141
134 105 293
136 63 775
137 63 3923
140 63 3209
141 34 438
149 61 641
149 63 176
153 63 6925
153 105 664
9 36 4373
9 55 114
10 36 2338
18 63 148
18 63 2086
20 36 1708
21 61 3884
23 61 4186
24 36 4029
24 55 215
24 58 3530
24 60 598
24 61 9870
24 63 14615
24 74 92
24 87 486
24 105 528
24 108 645
24 117 229
24 117 322
25 63 1616
30 36 1605
30 61 756
30 61 7776
30 63 12097
30 115 731
30 115 3804
32 63 2704
34 36 343
34 36 12722
34 41 102
34 44 679
34 55 2149
34 60 4938
34 60 8827
34 61 18
34 63 13061
34 88 317
34 88 6442
34 113 642
34 113 5992
34 141 807
36 9 5012
36 10 2860
36 20 1988
36 24 4153
36 30 2291
36 34 12914
36 37 3739
36 41 15352
36 48 8995
36 50 139
36 50 5787
36 51 1413
36 55 2021
36 55 5342
36 57 541
36 60 1750
36 60 14888
36 61 62
36 61 20473
36 62 4108
36 63 26138
36 74 1542
36 74 5066
36 78 5467
36 82 4320
36 87 1914
36 87 6433
36 88 916
36 88 1090
36 92 186
36 92 13421
36 96 255
36 96 7429
36 100 4906
36 101 149
36 101 4429
36 103 4339
36 105 2056
36 105 10498
36 106 84
36 106 32483
36 108 1645
36 108 5353
36 111 8507
36 113 778
36 115 490
36 115 47151
36 117 3662
36 117 10807
36 120 917
36 120 9322
37 36 5261
39 61 114
39 63 6477
40 63 242
41 34 143
41 36 15060
41 44 1490
41 60 2144
41 61 473
41 61 10840
41 63 19040
41 87 178
41 100 5095
41 106 11445
41 115 30181
41 117 473
41 117 3990
42 63 154
42 63 12333
42 115 372
42 115 9305
43 58 2454
43 63 108
43 63 8541
44 34 931
44 41 1977
44 61 246
45 63 597
45 115 2062
48 36 8840
48 50 521
48 57 3650
48 61 578
48 61 14390
48 63 20218
48 81 107
48 84 1912
48 92 483
48 92 6786
48 106 10367
48 115 186
48 115 29493
48 117 446
49 115 6378
50 36 185
50 36 6977
50 48 672
50 63 1392
50 63 13817
51 36 1026
51 63 20
51 101 82
51 103 20
51 103 1218
53 63 2813
53 78 136
53 115 7547
55 9 335
55 24 295
55 34 3099
55 36 1370
55 36 8772
55 60 10977
55 61 6458
55 63 89
55 63 12665
55 78 155
55 101 3784
55 103 965
55 103 889
55 113 2326
55 113 2470
57 36 711
57 48 3820
57 61 1636
57 61 14377
57 63 152
57 63 14728
58 24 3084
58 43 2074
58 61 2052
58 61 16842
58 63 2670
58 63 21857
58 92 127
58 106 249
58 115 763
58 115 20754
59 105 5843
60 24 481
60 34 3860
60 34 8294
60 36 948
60 36 12338
60 41 1482
60 41 787
60 55 2345
60 55 6218
60 61 1752
60 61 19565
60 62 1602
60 63 20700
60 75 477
60 75 3305
60 78 1091
60 105 13125
60 108 1898
60 108 8879
60 111 1752
60 111 2331
60 113 618
60 115 707
60 117 753
60 117 15941
61 21 3105
61 23 3785
61 24 8209
61 30 637
61 30 8922
61 34 70
61 36 20805
61 41 83
61 41 8477
61 44 362
61 48 532
61 48 12256
61 55 4930
61 57 915
61 57 12037
61 58 2355
61 58 17626
61 60 1853
61 60 20782
61 61 4
61 62 1938
61 62 340
61 63 662
61 63 18752
61 74 372
61 74 9627
61 78 6885
61 87 1116
61 87 6941
61 90 993
61 90 8207
61 92 3209
61 92 23071
61 100 289
61 105 1042
61 105 22988
61 108 17645
61 111 864
61 111 4243
61 115 132
61 115 18214
61 117 4119
61 117 33811
61 118 148
61 132 1265
61 132 13738
61 134 1681
61 153 1848
62 36 4450
62 60 1972
62 61 2586
62 63 13765
62 108 183
62 115 17983
63 18 320
63 18 2396
63 24 14693
63 25 1688
63 30 14128
63 32 2615
63 34 13232
63 36 71
63 36 27128
63 39 6483
63 40 1025
63 41 17682
63 42 144
63 42 11120
63 43 11
63 43 9249
63 45 576
63 48 19258
63 50 971
63 50 12453
63 53 3049
63 55 9666
63 57 133
63 57 14031
63 58 3825
63 58 23682
63 60 185
63 60 22750
63 61 1045
63 61 21316
63 62 12723
63 63 178
63 68 4266
63 72 177
63 72 3405
63 74 14638
63 75 10129
63 76 10416
63 77 3724
63 81 143
63 84 8199
63 85 3342
63 87 3582
63 87 12799
63 88 641
63 90 138
63 90 12756
63 92 1582
63 92 33671
63 94 6061
63 98 9157
63 100 5838
63 100 9582
63 105 29979
63 106 1300
63 106 19445
63 108 15749
63 109 3134
63 111 1389
63 117 2448
63 117 22611
63 118 74
63 120 1225
63 120 6269
63 129 1662
63 129 9045
63 132 12448
63 134 6701
63 136 1820
63 137 3585
63 140 4203
63 149 2421
63 153 613
63 153 9112
63 159 671
68 63 2984
68 115 4102
72 63 22
72 63 2330
74 24 25
74 36 809
74 36 4118
74 61 323
74 61 8809
74 63 12213
74 78 129
74 117 1402
74 117 3389
75 60 451
75 60 3103
75 63 9691
76 63 9609
77 63 3249
78 36 5922
78 60 1417
78 61 9085
78 87 1032
78 100 688
78 108 365
81 78 130
81 87 678
81 115 131
81 115 11496
82 36 4465
84 48 2125
84 63 8533
84 115 11214
85 63 3083
87 24 516
87 36 841
87 36 4937
87 61 784
87 61 5380
87 63 2674
87 63 10311
87 78 937
87 81 499
87 115 252
87 115 5317
87 127 161
88 34 362
88 34 7376
88 36 1117
88 36 1335
88 63 690
90 61 969
90 61 8297
90 63 100
90 63 11430
90 115 773
90 115 21152
92 36 177
92 36 12929
92 48 484
92 48 6524
92 58 602
92 61 2999
92 61 22835
92 63 1455
92 63 31524
92 100 695
92 106 307
92 106 12318
92 115 44726
92 117 1368
92 152 336
94 63 5512
96 36 321
96 36 8218
98 63 7823
100 36 3981
100 41 3946
100 61 113
100 63 2852
100 63 9114
100 78 694
100 78 164
100 92 700
100 107 712
100 115 1279
100 115 4208
100 127 149
101 36 267
101 36 5246
101 55 4427
103 36 114
103 36 5515
103 51 1318
103 55 1461
105 24 430
105 36 597
105 36 8306
105 59 129
105 59 6363
105 60 13224
105 61 766
105 61 22027
105 63 828
105 63 23985
105 78 164
105 115 930
105 115 21815
105 118 167
105 134 330
105 153 528
106 36 29087
106 41 12115
106 48 9688
106 58 272
106 63 1073
106 63 19281
106 92 261
106 92 11512
106 115 978
106 115 80721
106 117 139
106 117 3308
106 132 297
106 132 14325
107 100 676
108 24 676
108 36 696
108 36 4450
108 60 1175
108 60 7928
108 61 14836
108 62 85
108 63 13119
108 78 181
108 115 469
108 117 3861
109 63 3653
111 36 6774
111 60 1791
111 60 2219
111 61 706
111 61 3856
111 63 1029
113 34 630
113 34 5796
113 36 315
113 55 1466
113 55 2159
113 60 805
115 30 1037
115 30 4610
115 36 367
115 36 46272
115 41 31771
115 42 366
115 42 8575
115 45 1962
115 48 30073
115 49 6545
115 53 7973
115 58 1458
115 58 24358
115 60 684
115 61 22440
115 62 16723
115 63 6
115 68 4618
115 81 105
115 81 11340
115 84 11646
115 87 670
115 87 5944
115 90 1193
115 90 23115
115 92 49101
115 100 1684
115 100 4937
115 105 1415
115 105 25803
115 106 1411
115 106 90239
115 108 895
115 117 1464
115 117 25961
115 127 12136
115 132 1069
115 132 13518
115 133 3977
117 24 532
117 36 2069
117 36 8476
117 41 421
117 41 3547
117 48 416
117 60 796
117 60 18322
117 61 3159
117 61 28459
117 63 1832
117 63 20362
117 74 1474
117 74 3570
117 78 126
117 92 1290
117 106 105
117 106 2936
117 108 4012
117 115 807
117 115 20975
117 132 465
117 132 4232
118 61 158
118 105 169
120 36 170
120 36 7117
120 63 832
120 63 5012
127 87 323
127 100 299
127 115 12721
129 63 1431
129 63 8639
132 61 883
132 61 12330
132 63 10857
132 106 276
132 106 11834
132 115 701
132 115 10984
132 117 557
132 117 4571
133 115 3870
134 61 1783
134 63 5530
134 105 363
136 63 1161
137 63 3420
140 63 4257
141 34 1145
149 63 1506
152 92 14
153 61 1697
153 63 230
153 63 6897
153 105 493
159 63 630
